learning evaluation instances,evaluation time (cpu seconds),model cost (RAM-Hours),classified instances,classifications correct (percent),Kappa Statistic (percent),Kappa Temporal Statistic (percent),Kappa M Statistic (percent),model training instances,model serialized size (bytes),members size
385.0,0.022659063,1.2706288695024948E-9,385.0,100.0,?,?,?,385.0,227032.0,1.0
770.0,0.105417639,6.131316515076905E-9,770.0,100.0,?,?,?,770.0,227032.0,1.0
1155.0,0.147225056,8.586805784313215E-9,1155.0,100.0,?,?,?,1155.0,227032.0,1.0
1540.0,0.181073295,1.0574825939852744E-8,1540.0,100.0,?,?,?,1540.0,227032.0,1.0
1925.0,0.208636177,1.2193686080870943E-8,1925.0,100.0,?,?,?,1925.0,227032.0,1.0
2310.0,0.234149677,1.3692179170522011E-8,2310.0,100.0,?,?,?,2310.0,227032.0,1.0
2695.0,0.258923279,1.5147215578806484E-8,2695.0,100.0,?,?,?,2695.0,227032.0,1.0
3080.0,0.281403944,1.6467580136913394E-8,3080.0,100.0,?,?,?,3080.0,227032.0,1.0
3465.0,0.303862683,1.7786656907790652E-8,3465.0,100.0,?,?,?,3465.0,227032.0,1.0
3850.0,0.326984511,1.9144679110863557E-8,3850.0,100.0,?,?,?,3850.0,227032.0,1.0
4235.0,0.34888972,2.0431245215626227E-8,4235.0,100.0,?,?,?,4235.0,227032.0,1.0
4620.0,0.370099808,2.167698454182181E-8,4620.0,100.0,?,?,?,4620.0,227032.0,1.0
5005.0,0.392906207,2.301648054595002E-8,5005.0,100.0,?,?,?,5005.0,227032.0,1.0
5390.0,0.413751171,2.4240774919831507E-8,5390.0,100.0,?,?,?,5390.0,227032.0,1.0
5775.0,0.430125609,2.5202500366748623E-8,5775.0,100.0,?,?,?,5775.0,227032.0,1.0
6160.0,0.446673649,2.617442203908952E-8,6160.0,100.0,?,?,?,6160.0,227032.0,1.0
6545.0,0.462766921,2.711963366751663E-8,6545.0,100.0,?,?,?,6545.0,227032.0,1.0
6930.0,0.478737846,2.8057659447900953E-8,6930.0,100.0,?,?,?,6930.0,227032.0,1.0
7315.0,0.49478064,2.899990633475284E-8,7315.0,100.0,?,?,?,7315.0,227032.0,1.0
7700.0,0.510651213,2.993203810692455E-8,7700.0,100.0,?,?,?,7700.0,227032.0,1.0
8085.0,0.526469223,3.086108267850553E-8,8085.0,100.0,?,?,?,8085.0,227032.0,1.0
8470.0,0.543733854,3.1875628098926196E-8,8470.0,99.9,99.66197944835045,0.0,99.4475138121547,8470.0,227152.0,1.0
8855.0,0.560451575,3.285803468962717E-8,8855.0,99.9,99.79650807862927,0.0,99.8,8855.0,227152.0,1.0
9240.0,0.576418402,3.379631545632871E-8,9240.0,99.9,98.93730074388948,0.0,99.8,9240.0,227152.0,1.0
9625.0,0.591464192,3.4680472050298836E-8,9625.0,100.0,?,?,100.0,9625.0,227152.0,1.0
10010.0,0.603615908,3.5394560165941304E-8,10010.0,100.0,?,?,?,10010.0,227152.0,1.0
10395.0,0.615451731,3.609008502375956E-8,10395.0,100.0,?,?,?,10395.0,227152.0,1.0
10780.0,0.626520951,3.6740560927856715E-8,10780.0,100.0,?,?,?,10780.0,227152.0,1.0
11165.0,0.643053388,3.7722070381126056E-8,11165.0,81.8,2.4275175844913814,-8999.999999999995,-4449.999999999997,11165.0,229488.0,4.0
11550.0,0.656078499,3.8495893552081866E-8,11550.0,81.8,4.90223740999676,-2933.333333333331,-2499.9999999999986,11550.0,229648.0,4.0
11935.0,0.66925315,3.927860090966647E-8,11935.0,88.5,8.23491860836267,-1816.6666666666647,-1542.8571428571413,11935.0,229648.0,4.0
12320.0,0.68135509,3.9997578397498774E-8,12320.0,100.0,?,?,?,12320.0,229648.0,4.0
12705.0,0.69343719,4.0715377188910624E-8,12705.0,100.0,?,?,?,12705.0,229648.0,4.0
13090.0,0.705792942,4.144943367351053E-8,13090.0,100.0,100.0,100.0,100.0,13090.0,229648.0,4.0
13475.0,0.717681111,4.215571100446292E-8,13475.0,100.0,100.0,100.0,100.0,13475.0,229648.0,4.0
13860.0,0.729435546,4.285404318485616E-8,13860.0,99.0,54.07788390889052,-66.66666666666666,-25.0,13860.0,229648.0,4.0
14245.0,0.741033355,4.3543070198638984E-8,14245.0,99.0,49.540821475426625,-150.0,-42.857142857142854,14245.0,229648.0,4.0
14630.0,0.752680577,4.423503284378391E-8,14630.0,99.8,85.6156501726121,66.66666666666666,75.0,14630.0,229648.0,4.0
15015.0,0.764391248,4.493076500048033E-8,15015.0,100.0,100.0,100.0,100.0,15015.0,229648.0,4.0
15400.0,0.775800921,4.560861483534384E-8,15400.0,100.0,100.0,100.0,100.0,15400.0,229648.0,4.0
15785.0,0.787337242,4.6293988840784875E-8,15785.0,100.0,?,?,?,15785.0,229648.0,4.0
16170.0,0.798602904,4.6963282967472654E-8,16170.0,99.4,56.84695051783629,0.0,0.0,16170.0,229648.0,4.0
16555.0,0.810732551,4.768390653099657E-8,16555.0,99.4,62.20234345470564,25.0,14.285714285714285,16555.0,229648.0,4.0
16940.0,0.823413263,4.843726892228962E-8,16940.0,99.4,62.20234345470564,25.0,14.285714285714285,16940.0,229648.0,4.0
17325.0,0.835605855,4.916163205467371E-8,17325.0,100.0,100.0,100.0,100.0,17325.0,229648.0,4.0
17710.0,0.847960494,4.989562241583027E-8,17710.0,100.0,100.0,100.0,100.0,17710.0,229648.0,4.0
18095.0,0.860304605,5.0628987307434687E-8,18095.0,100.0,?,?,?,18095.0,229648.0,4.0
18480.0,0.872588697,5.135878646413691E-8,18480.0,100.0,?,?,?,18480.0,229648.0,4.0
18865.0,0.884976523,5.209474846834316E-8,18865.0,99.0,49.540821475426625,-66.66666666666666,-42.857142857142854,18865.0,229648.0,4.0
19250.0,0.897429342,5.283457171329814E-8,19250.0,99.0,49.540821475426625,-66.66666666666666,-42.857142857142854,19250.0,229648.0,4.0
19635.0,0.909714695,5.3564445786138784E-8,19635.0,99.8,49.924887330997116,0.0,-100.0,19635.0,229648.0,4.0
20020.0,0.927567966,5.462511043438274E-8,20020.0,100.0,100.0,100.0,100.0,20020.0,229648.0,4.0
20405.0,0.945415932,5.568545991203644E-8,20405.0,100.0,100.0,100.0,100.0,20405.0,229648.0,4.0
20790.0,0.963593621,5.6765398266698336E-8,20790.0,100.0,100.0,100.0,100.0,20790.0,229648.0,4.0
21175.0,0.982802507,5.791033709325931E-8,21175.0,98.4,37.82544493665943,-300.0,-128.57142857142858,21175.0,230400.0,5.0
21560.0,1.00083182,5.8985341025862015E-8,21560.0,98.4,42.19653179190731,-166.66666666666669,-100.0,21560.0,230480.0,5.0
21945.0,1.018862769,6.006044250552232E-8,21945.0,97.8,34.49261553120539,-266.66666666666663,-175.0,21945.0,230480.0,5.0
22330.0,1.037038241,6.114416121831578E-8,22330.0,99.4,24.868519909842615,-200.0,-500.0,22330.0,230480.0,5.0
22715.0,1.055062548,6.221886666646228E-8,22715.0,99.9,0.0,-Infinity,-Infinity,22715.0,230480.0,5.0
23100.0,1.072961988,6.328612687717503E-8,23100.0,100.0,?,?,?,23100.0,230480.0,5.0
23485.0,1.090925037,6.435717979619281E-8,23485.0,100.0,?,?,?,23485.0,230480.0,5.0
23870.0,1.108868154,6.54270442629171E-8,23870.0,98.6,45.55071561916601,-133.33333333333331,-75.0,23870.0,230480.0,5.0
24255.0,1.127057734,6.651160417001902E-8,24255.0,98.6,45.55071561916601,-133.33333333333331,-75.0,24255.0,230480.0,5.0
24640.0,1.145004243,6.758167088589942E-8,24640.0,99.0,28.32568807339425,-150.0,-400.0,24640.0,230480.0,5.0
25025.0,1.163128001,6.866230613381707E-8,25025.0,100.0,?,?,?,25025.0,230480.0,5.0
25410.0,1.181210407,6.97404757546406E-8,25410.0,100.0,?,?,?,25410.0,230480.0,5.0
25795.0,1.199251014,7.081615309584267E-8,25795.0,100.0,?,?,?,25795.0,230480.0,5.0
26180.0,1.215450763,7.17820686513703E-8,26180.0,100.0,?,?,?,26180.0,230480.0,5.0
26565.0,1.23156214,7.274271499627789E-8,26565.0,99.2,55.17202734506335,-33.33333333333333,-14.285714285714285,26565.0,230480.0,5.0
26950.0,1.246199116,7.361544967903654E-8,26950.0,99.2,59.61227786752833,0.0,0.0,26950.0,230480.0,5.0
27335.0,1.257334353,7.427939198041336E-8,27335.0,99.9,66.62216288384631,50.0,0.0,27335.0,230480.0,5.0
27720.0,1.268437701,7.494143288929637E-8,27720.0,100.0,100.0,100.0,100.0,27720.0,230480.0,5.0
28105.0,1.279803402,7.561911668522285E-8,28105.0,100.0,?,?,?,28105.0,230480.0,5.0
28490.0,1.291202974,7.629882005106866E-8,28490.0,100.0,?,?,?,28490.0,230480.0,5.0
28875.0,1.302286994,7.695970852136406E-8,28875.0,100.0,100.0,100.0,100.0,28875.0,230480.0,5.0
29260.0,1.314449637,7.768727641196508E-8,29260.0,98.7,51.26705653021444,-62.5,-44.44444444444444,29260.0,231232.0,6.0
29645.0,1.32580897,7.836702548514017E-8,29645.0,98.6,49.34876989869769,-40.0,-40.0,29645.0,231312.0,6.0
30030.0,1.337364961,7.9058542687063E-8,30030.0,99.6,33.15508021390357,0.0,-100.0,30030.0,231312.0,6.0
30415.0,1.348991937,7.97543076725449E-8,30415.0,99.9,66.62216288384631,75.0,50.0,30415.0,231312.0,6.0
30800.0,1.3601506,8.042204853656598E-8,30800.0,100.0,?,?,?,30800.0,231312.0,6.0
31185.0,1.371343533,8.109184013725776E-8,31185.0,100.0,?,?,?,31185.0,231312.0,6.0
31570.0,1.383707498,8.183436817922733E-8,31570.0,98.9,47.12555277831164,-175.0,-57.14285714285714,31570.0,232144.0,7.0
31955.0,1.39545365,8.253979295560262E-8,31955.0,98.9,47.12555277831164,-175.0,-57.14285714285714,31955.0,232144.0,7.0
32340.0,1.407154608,8.324250356930205E-8,32340.0,98.9,47.12555277831164,-175.0,-57.14285714285714,32340.0,232144.0,7.0
32725.0,1.419032313,8.395582886881092E-8,32725.0,100.0,?,?,?,32725.0,232144.0,7.0
33110.0,1.430631823,8.465244693980242E-8,33110.0,100.0,?,?,?,33110.0,232144.0,7.0
33495.0,1.442448955,8.536213447819775E-8,33495.0,100.0,?,?,?,33495.0,232144.0,7.0
33880.0,1.454126365,8.606343089747554E-8,33880.0,100.0,100.0,100.0,100.0,33880.0,232144.0,7.0
34265.0,1.469386568,8.697989488404037E-8,34265.0,99.6,79.80002019997988,50.0,63.63636363636363,34265.0,232144.0,7.0
34650.0,1.485029063,8.791931772969456E-8,34650.0,99.6,79.80002019997988,50.0,63.63636363636363,34650.0,232144.0,7.0
35035.0,1.496928719,8.863396131448241E-8,35035.0,100.0,100.0,100.0,100.0,35035.0,232144.0,7.0
35420.0,1.508748785,8.934382505665017E-8,35420.0,100.0,100.0,100.0,100.0,35420.0,232144.0,7.0
35805.0,1.520544723,9.005223977202136E-8,35805.0,100.0,?,?,?,35805.0,232144.0,7.0
36190.0,1.532398842,9.076414859498748E-8,36190.0,99.7,0.0,-Infinity,-Infinity,36190.0,232144.0,7.0
36575.0,1.544191307,9.147235473649991E-8,36575.0,99.7,0.0,-Infinity,-Infinity,36575.0,232144.0,7.0
36960.0,1.556102141,9.218766962523056E-8,36960.0,99.3,58.48161328588368,-16.666666666666664,0.0,36960.0,232144.0,7.0
37345.0,1.567756908,9.288760620060275E-8,37345.0,99.6,71.22716155948798,33.33333333333333,42.857142857142854,37345.0,232144.0,7.0
37730.0,1.579087893,9.35680977828449E-8,37730.0,99.8,49.899799599198296,50.0,0.0,37730.0,232144.0,7.0
38115.0,1.59056226,9.425720028850148E-8,38115.0,100.0,?,?,?,38115.0,232144.0,7.0
38500.0,1.602404277,9.49683823159482E-8,38500.0,100.0,100.0,100.0,100.0,38500.0,232144.0,7.0
38885.0,1.614214077,9.567762952507992E-8,38885.0,100.0,100.0,100.0,100.0,38885.0,232144.0,7.0
39270.0,1.625678609,9.636614138175837E-8,39270.0,98.7,42.922374429223744,-116.66666666666667,-85.71428571428571,39270.0,232144.0,7.0
39655.0,1.637458921,9.707361766490465E-8,39655.0,98.7,47.42801682303451,-62.5,-62.5,39655.0,232144.0,7.0
40040.0,1.649039132,9.77690767186487E-8,40040.0,98.7,47.42801682303451,-62.5,-62.5,40040.0,232144.0,7.0
40425.0,1.660417938,9.845244023020277E-8,40425.0,100.0,100.0,100.0,100.0,40425.0,232144.0,7.0
40810.0,1.67195116,9.914507732107616E-8,40810.0,100.0,?,?,?,40810.0,232144.0,7.0
41195.0,1.683328947,9.982837963575085E-8,41195.0,100.0,?,?,?,41195.0,232144.0,7.0
41580.0,1.694636398,1.0050745786435283E-7,41580.0,99.5,0.0,-Infinity,-Infinity,41580.0,232144.0,7.0
41965.0,1.706110456,1.0119654181276139E-7,41965.0,98.6,45.55071561916601,-100.0,-75.0,41965.0,232144.0,7.0
42350.0,1.717594228,1.01886209143394E-7,42350.0,99.1,56.71412081569838,-12.5,-12.5,42350.0,232144.0,7.0
42735.0,1.729029065,1.0257293764253252E-7,42735.0,99.6,74.79838709677435,50.0,50.0,42735.0,232144.0,7.0
43120.0,1.740393489,1.0325543743130029E-7,43120.0,100.0,?,?,?,43120.0,232144.0,7.0
43505.0,1.751750205,1.0393747430981657E-7,43505.0,100.0,?,?,?,43505.0,232144.0,7.0
43890.0,1.763712643,1.0465588831902174E-7,43890.0,100.0,?,?,?,43890.0,232144.0,7.0
44275.0,1.775155354,1.0534308969767766E-7,44275.0,100.0,?,?,?,44275.0,232144.0,7.0
44660.0,1.787013398,1.0605523423973266E-7,44660.0,99.8,83.2355406538139,50.0,71.42857142857143,44660.0,232144.0,7.0
45045.0,1.79961686,1.0681214547014279E-7,45045.0,99.8,85.6156501726121,66.66666666666666,75.0,45045.0,232144.0,7.0
45430.0,1.812646092,1.0759462666653306E-7,45430.0,100.0,100.0,100.0,100.0,45430.0,232144.0,7.0
45815.0,1.825481508,1.0836546808434239E-7,45815.0,100.0,100.0,100.0,100.0,45815.0,232144.0,7.0
46200.0,1.838553266,1.091505032144839E-7,46200.0,100.0,?,?,?,46200.0,232144.0,7.0
46585.0,1.851362179,1.0991975297292697E-7,46585.0,100.0,?,?,?,46585.0,232144.0,7.0
46970.0,1.86406559,1.1068266672237261E-7,46970.0,100.0,?,?,?,46970.0,232144.0,7.0
47355.0,1.877110109,1.1146606599206521E-7,47355.0,99.8,85.6156501726121,80.0,75.0,47355.0,232144.0,7.0
47740.0,1.889804895,1.1222846176007351E-7,47740.0,99.8,85.6156501726121,80.0,75.0,47740.0,232144.0,7.0
48125.0,1.902406133,1.1298523942634258E-7,48125.0,99.9,90.85923217550278,90.0,83.33333333333334,48125.0,232144.0,7.0
48510.0,1.915366756,1.1376360025305924E-7,48510.0,100.0,100.0,100.0,100.0,48510.0,232144.0,7.0
48895.0,1.927903404,1.1451649891399056E-7,48895.0,100.0,?,?,?,48895.0,232144.0,7.0
49280.0,1.940627849,1.1528067587752932E-7,49280.0,100.0,?,?,?,49280.0,232144.0,7.0
49665.0,1.953959393,1.1608131266861949E-7,49665.0,99.8,83.2355406538139,50.0,71.42857142857143,49665.0,232144.0,7.0
50050.0,1.966708163,1.1684695048995111E-7,50050.0,99.8,85.6156501726121,66.66666666666666,75.0,50050.0,232144.0,7.0
50435.0,1.979578262,1.1761987482372466E-7,50435.0,99.8,85.6156501726121,66.66666666666666,75.0,50435.0,232144.0,7.0
50820.0,1.99317925,1.1843669329486169E-7,50820.0,100.0,100.0,100.0,100.0,50820.0,232144.0,7.0
51205.0,2.005967386,1.1920469527355708E-7,51205.0,100.0,?,?,?,51205.0,232144.0,7.0
51590.0,2.018483068,1.1995633480419096E-7,51590.0,100.0,?,?,?,51590.0,232144.0,7.0
51975.0,2.031318721,1.2072719045522935E-7,51975.0,100.0,?,?,?,51975.0,232144.0,7.0
52360.0,2.044716142,1.215317835434961E-7,52360.0,99.3,58.48161328588368,-16.666666666666664,30.0,52360.0,232144.0,7.0
52745.0,2.057485973,1.2229868620042795E-7,52745.0,99.3,62.81342966425848,12.5,36.36363636363637,52745.0,232144.0,7.0
53130.0,2.070039864,1.2305262040384324E-7,53130.0,99.8,85.6156501726121,66.66666666666666,75.0,53130.0,232144.0,7.0
53515.0,2.082911116,1.238256139819759E-7,53515.0,100.0,100.0,100.0,100.0,53515.0,232144.0,7.0
53900.0,2.095676305,1.2459223785979678E-7,53900.0,100.0,?,?,?,53900.0,232144.0,7.0
54285.0,2.108547109,1.253652045329226E-7,54285.0,100.0,?,?,?,54285.0,232144.0,7.0
54670.0,2.121222872,1.2612645785908942E-7,54670.0,100.0,?,?,?,54670.0,232144.0,7.0
55055.0,2.133894069,1.268874369703875E-7,55055.0,99.8,83.2355406538139,50.0,71.42857142857143,55055.0,232144.0,7.0
55440.0,2.146493724,1.2764411956829538E-7,55440.0,99.8,83.2355406538139,50.0,71.42857142857143,55440.0,232144.0,7.0
55825.0,2.161391899,1.2853884166688348E-7,55825.0,100.0,?,?,?,55825.0,232144.0,7.0
56210.0,2.179493981,1.296259770237882E-7,56210.0,100.0,?,?,?,56210.0,232144.0,7.0
56595.0,2.197528272,1.3070904113667911E-7,56595.0,100.0,?,?,?,56595.0,232144.0,7.0
56980.0,2.215369944,1.3178053735780424E-7,56980.0,100.0,100.0,100.0,100.0,56980.0,232144.0,7.0
57365.0,2.233499053,1.3286929584332427E-7,57365.0,99.8,85.6156501726121,75.0,75.0,57365.0,232144.0,7.0
57750.0,2.251414264,1.339452085093098E-7,57750.0,99.8,83.2355406538139,66.66666666666666,71.42857142857143,57750.0,232144.0,7.0
58135.0,2.26939339,1.3502495964295538E-7,58135.0,99.8,83.2355406538139,66.66666666666666,71.42857142857143,58135.0,232144.0,7.0
58520.0,2.287481248,1.361112407658932E-7,58520.0,100.0,100.0,100.0,100.0,58520.0,232144.0,7.0
58905.0,2.305397281,1.371872027977618E-7,58905.0,100.0,100.0,100.0,100.0,58905.0,232144.0,7.0
59290.0,2.323432063,1.3827029639805977E-7,59290.0,100.0,100.0,100.0,100.0,59290.0,232144.0,7.0
59675.0,2.341357341,1.393468136459734E-7,59675.0,100.0,?,?,?,59675.0,232144.0,7.0
60060.0,2.357589246,1.4032163399179985E-7,60060.0,99.8,79.90353697749187,0.0,66.66666666666666,60060.0,232144.0,7.0
60445.0,2.373755942,1.4129253815773668E-7,60445.0,99.8,83.2355406538139,50.0,71.42857142857143,60445.0,232144.0,7.0
60830.0,2.389600949,1.4224412302737228E-7,60830.0,99.8,83.2355406538139,50.0,71.42857142857143,60830.0,232144.0,7.0
61215.0,2.405845573,1.4321970722315832E-7,61215.0,100.0,?,?,?,61215.0,232144.0,7.0
61600.0,2.42207892,1.4419461416947552E-7,61600.0,100.0,?,?,?,61600.0,232144.0,7.0
61985.0,2.438089531,1.4515614452293143E-7,61985.0,100.0,?,?,?,61985.0,232144.0,7.0
62370.0,2.454402243,1.4613581779930947E-7,62370.0,99.8,79.89949748743697,33.33333333333333,60.0,62370.0,232144.0,7.0
62755.0,2.47052615,1.471041522368147E-7,62755.0,99.4,69.70003029996981,25.0,33.33333333333333,62755.0,232144.0,7.0
63140.0,2.486426898,1.480590846778473E-7,63140.0,99.4,69.70003029996981,25.0,33.33333333333333,63140.0,232144.0,7.0
63525.0,2.502548831,1.490273005651662E-7,63525.0,100.0,?,?,?,63525.0,232144.0,7.0
63910.0,2.518545498,1.4998799350028443E-7,63910.0,100.0,?,?,?,63910.0,232144.0,7.0
64295.0,2.534694848,1.5095785593798798E-7,64295.0,100.0,?,?,?,64295.0,232144.0,7.0
64680.0,2.55098166,1.5193597376865852E-7,64680.0,100.0,?,?,?,64680.0,232144.0,7.0
65065.0,2.567689373,1.529357730021721E-7,65065.0,99.8,83.2355406538139,50.0,71.42857142857143,65065.0,231312.0,6.0
65450.0,2.58421153,1.5392446845705517E-7,65450.0,99.8,83.2355406538139,50.0,71.42857142857143,65450.0,231312.0,6.0
65835.0,2.600142945,1.5487781356812972E-7,65835.0,99.8,83.2355406538139,50.0,71.42857142857143,65835.0,231312.0,6.0
66220.0,2.613470926,1.556753676791013E-7,66220.0,100.0,100.0,100.0,100.0,66220.0,231312.0,6.0
66605.0,2.624850613,1.5635633474743823E-7,66605.0,100.0,100.0,100.0,100.0,66605.0,231312.0,6.0
66990.0,2.636193253,1.5703508490181426E-7,66990.0,100.0,?,?,?,66990.0,231312.0,6.0
67375.0,2.647523645,1.5771310212876857E-7,67375.0,100.0,?,?,?,67375.0,231312.0,6.0
67760.0,2.659069456,1.5840401015358876E-7,67760.0,99.8,79.90353697749187,66.66666666666666,66.66666666666666,67760.0,231312.0,6.0
68145.0,2.671030281,1.5911975285680552E-7,68145.0,99.8,83.2355406538139,75.0,71.42857142857143,68145.0,231312.0,6.0
68530.0,2.682393681,1.5979974530161876E-7,68530.0,99.8,83.2355406538139,75.0,71.42857142857143,68530.0,231312.0,6.0
68915.0,2.693804005,1.6048254570579985E-7,68915.0,100.0,?,?,?,68915.0,231312.0,6.0
69300.0,2.705440695,1.611788919826742E-7,69300.0,100.0,?,?,?,69300.0,231312.0,6.0
69685.0,2.716483594,1.6183970546181212E-7,69685.0,100.0,?,?,?,69685.0,231312.0,6.0
70070.0,2.727503247,1.6249912788683136E-7,70070.0,100.0,?,?,?,70070.0,231312.0,6.0
70455.0,2.738718938,1.6317028133943886E-7,70455.0,100.0,100.0,100.0,100.0,70455.0,231312.0,6.0
70840.0,2.749965928,1.6384330774235436E-7,70840.0,100.0,100.0,100.0,100.0,70840.0,231312.0,6.0
71225.0,2.761235362,1.6451767720724354E-7,71225.0,100.0,?,?,?,71225.0,231312.0,6.0
71610.0,2.772306973,1.6518020882910945E-7,71610.0,100.0,?,?,?,71610.0,231312.0,6.0
71995.0,2.783580401,1.6585481729727444E-7,71995.0,100.0,100.0,100.0,100.0,71995.0,231312.0,6.0
72380.0,2.794820941,1.6652745772845006E-7,72380.0,100.0,100.0,100.0,100.0,72380.0,231312.0,6.0
72765.0,2.805825977,1.6718600546371397E-7,72765.0,99.8,85.6156501726121,66.66666666666666,75.0,72765.0,231312.0,6.0
73150.0,2.817448609,1.678815105017171E-7,73150.0,99.8,85.6156501726121,66.66666666666666,75.0,73150.0,231312.0,6.0
73535.0,2.828521136,1.6854409693755417E-7,73535.0,99.8,85.6156501726121,66.66666666666666,75.0,73535.0,231312.0,6.0
73920.0,2.839553639,1.692042883140242E-7,73920.0,100.0,100.0,100.0,100.0,73920.0,231312.0,6.0
74305.0,2.851158748,1.69898744765547E-7,74305.0,100.0,100.0,100.0,100.0,74305.0,231312.0,6.0
74690.0,2.862333228,1.705674321280192E-7,74690.0,100.0,?,?,?,74690.0,231312.0,6.0
75075.0,2.873495587,1.7123539416282333E-7,75075.0,100.0,?,?,?,75075.0,231312.0,6.0
75460.0,2.88470495,1.7190616894424168E-7,75460.0,99.7,76.77299473521218,25.0,57.14285714285714,75460.0,231312.0,6.0
75845.0,2.896078109,1.7258674537327348E-7,75845.0,99.7,79.84954325631396,50.0,62.5,75845.0,231312.0,6.0
76230.0,2.907517583,1.7327129013035653E-7,76230.0,100.0,100.0,100.0,100.0,76230.0,231312.0,6.0
76615.0,2.919856357,1.7400964952087857E-7,76615.0,100.0,100.0,100.0,100.0,76615.0,231312.0,6.0
77000.0,2.932351799,1.7475738401536105E-7,77000.0,100.0,?,?,?,77000.0,231312.0,6.0
77385.0,2.945060673,1.7551789040447729E-7,77385.0,100.0,?,?,?,77385.0,231312.0,6.0
77770.0,2.957679653,1.762730174845105E-7,77770.0,99.8,83.2355406538139,50.0,71.42857142857143,77770.0,231312.0,6.0
78155.0,2.969906466,1.7700467706387447E-7,78155.0,99.8,83.2355406538139,50.0,71.42857142857143,78155.0,231312.0,6.0
78540.0,2.982674134,1.777687017200411E-7,78540.0,99.8,85.6156501726121,66.66666666666666,75.0,78540.0,231312.0,6.0
78925.0,2.995705206,1.7854848862429665E-7,78925.0,100.0,100.0,100.0,100.0,78925.0,231312.0,6.0
79310.0,3.008361718,1.7930586164097196E-7,79310.0,100.0,100.0,100.0,100.0,79310.0,231312.0,6.0
79695.0,3.021261956,1.8007781936280635E-7,79695.0,100.0,?,?,?,79695.0,231312.0,6.0
80080.0,3.033829136,1.808298467008045E-7,80080.0,100.0,?,?,?,80080.0,231312.0,6.0
80465.0,3.046252157,1.8157324748065528E-7,80465.0,99.7,76.77299473521218,50.0,57.14285714285714,80465.0,231312.0,6.0
80850.0,3.058781482,1.8232300955350405E-7,80850.0,99.7,76.77299473521218,50.0,57.14285714285714,80850.0,231312.0,6.0
81235.0,3.071234741,1.8306821979280765E-7,81235.0,99.7,79.84954325631396,62.5,62.5,81235.0,231312.0,6.0
81620.0,3.08362922,1.8380991260282898E-7,81620.0,100.0,100.0,100.0,100.0,81620.0,231312.0,6.0
82005.0,3.096000352,1.8455020831483308E-7,82005.0,100.0,?,?,?,82005.0,231312.0,6.0
82390.0,3.108397655,1.8529207011465184E-7,82390.0,100.0,?,?,?,82390.0,231312.0,6.0
82775.0,3.120768585,1.860323537388588E-7,82775.0,100.0,?,?,?,82775.0,231312.0,6.0
83160.0,3.133134179,1.8677231805373184E-7,83160.0,99.8,83.2355406538139,66.66666666666666,71.42857142857143,83160.0,231312.0,6.0
83545.0,3.145328129,1.8750201109212092E-7,83545.0,99.8,83.2355406538139,66.66666666666666,71.42857142857143,83545.0,231312.0,6.0
83930.0,3.157648077,1.8823924392388714E-7,83930.0,99.8,83.2355406538139,66.66666666666666,71.42857142857143,83930.0,231312.0,6.0
84315.0,3.169907792,1.889728723780086E-7,84315.0,100.0,100.0,100.0,100.0,84315.0,231312.0,6.0
84700.0,3.18222471,1.8970992389281792E-7,84700.0,100.0,100.0,100.0,100.0,84700.0,231312.0,6.0
85085.0,3.194855503,1.9046575786962064E-7,85085.0,100.0,100.0,100.0,100.0,85085.0,231312.0,6.0
85470.0,3.207339703,1.912128196363047E-7,85470.0,100.0,?,?,?,85470.0,231312.0,6.0
85855.0,3.22107648,1.9203779302702382E-7,85855.0,99.8,83.2355406538139,50.0,71.42857142857143,85855.0,232144.0,7.0
86240.0,3.23361219,1.9279063535559708E-7,86240.0,99.8,83.2355406538139,50.0,71.42857142857143,86240.0,232144.0,7.0
86625.0,3.246127301,1.935422405943584E-7,86625.0,100.0,100.0,100.0,100.0,86625.0,232144.0,7.0
87010.0,3.258511089,1.942859591228245E-7,87010.0,100.0,100.0,100.0,100.0,87010.0,232144.0,7.0
87395.0,3.270975234,1.9503450355672373E-7,87395.0,100.0,?,?,?,87395.0,232144.0,7.0
87780.0,3.283460711,1.957843291013501E-7,87780.0,100.0,?,?,?,87780.0,232144.0,7.0
88165.0,3.295946099,1.9653414930100855E-7,88165.0,100.0,?,?,?,88165.0,232144.0,7.0
88550.0,3.308429621,1.972838574365091E-7,88550.0,99.7,79.84954325631396,50.0,62.5,88550.0,232144.0,7.0
88935.0,3.321106985,1.9804520691204188E-7,88935.0,99.7,79.84954325631396,50.0,62.5,88935.0,232144.0,7.0
89320.0,3.334689865,1.9886093789241166E-7,89320.0,100.0,?,?,?,89320.0,232144.0,7.0
89705.0,3.347092962,1.996058160386834E-7,89705.0,100.0,?,?,?,89705.0,232144.0,7.0
90090.0,3.36025688,2.003963859130876E-7,90090.0,100.0,?,?,?,90090.0,232144.0,7.0
90475.0,3.372745314,2.0114638904277022E-7,90475.0,100.0,?,?,?,90475.0,232144.0,7.0
90860.0,3.385328069,2.0190205669733999E-7,90860.0,99.8,94.01627573001437,66.66666666666666,88.88888888888889,90860.0,232144.0,7.0
91245.0,3.397681947,2.026439789562651E-7,91245.0,99.8,94.01627573001437,66.66666666666666,88.88888888888889,91245.0,232144.0,7.0
91630.0,3.410380924,2.0340662641821009E-7,91630.0,99.8,94.34293149290039,75.0,89.47368421052632,91630.0,232144.0,7.0
92015.0,3.423385892,2.0418765042021244E-7,92015.0,100.0,100.0,100.0,100.0,92015.0,232144.0,7.0
92400.0,3.435802268,2.0493332604770232E-7,92400.0,100.0,?,?,?,92400.0,232144.0,7.0
92785.0,3.448332598,2.0568584527597032E-7,92785.0,100.0,?,?,?,92785.0,232144.0,7.0
93170.0,3.461280434,2.0646343816893168E-7,93170.0,100.0,100.0,100.0,100.0,93170.0,232144.0,7.0
93555.0,3.473727225,2.0721094039415107E-7,93555.0,99.7,82.20218319886102,50.0,66.66666666666666,93555.0,232144.0,7.0
93940.0,3.48640447,2.079722827230414E-7,93940.0,99.7,82.20218319886102,50.0,66.66666666666666,93940.0,232144.0,7.0
94325.0,3.498884066,2.0872175507939726E-7,94325.0,99.9,66.62216288384631,50.0,0.0,94325.0,232144.0,7.0
94710.0,3.511587492,2.0948466972968018E-7,94710.0,100.0,100.0,100.0,100.0,94710.0,232144.0,7.0
95095.0,3.524617546,2.1026720029195351E-7,95095.0,100.0,100.0,100.0,100.0,95095.0,232144.0,7.0
95480.0,3.537662251,2.1105061073202842E-7,95480.0,100.0,?,?,?,95480.0,232144.0,7.0
95865.0,3.550110982,2.117982294655363E-7,95865.0,99.8,79.90353697749187,66.66666666666666,66.66666666666666,95865.0,232144.0,7.0
96250.0,3.562463653,2.125400792370881E-7,96250.0,99.7,76.78018575851378,62.5,62.5,96250.0,232144.0,7.0
96635.0,3.574959575,2.1329053206474203E-7,96635.0,99.7,76.78018575851378,62.5,62.5,96635.0,232144.0,7.0
97020.0,3.587757596,2.1405912769520648E-7,97020.0,100.0,100.0,100.0,100.0,97020.0,232144.0,7.0
97405.0,3.600326985,2.1481399264370187E-7,97405.0,100.0,100.0,100.0,100.0,97405.0,232144.0,7.0
97790.0,3.61284762,2.155659296308064E-7,97790.0,100.0,100.0,100.0,100.0,97790.0,232144.0,7.0
98175.0,3.625563288,2.1632957948442334E-7,98175.0,100.0,100.0,100.0,100.0,98175.0,232144.0,7.0
98560.0,3.638300628,2.1709453086774583E-7,98560.0,99.7,79.8549556809025,62.5,66.66666666666666,98560.0,232144.0,7.0
98945.0,3.651304998,2.1787551895636853E-7,98945.0,99.7,76.78018575851378,50.0,62.5,98945.0,232144.0,7.0
99330.0,3.664433211,2.1866394453776167E-7,99330.0,99.7,76.78018575851378,50.0,62.5,99330.0,232144.0,7.0
99715.0,3.676812313,2.1940738164466077E-7,99715.0,100.0,100.0,100.0,100.0,99715.0,232144.0,7.0
100100.0,3.689274811,2.201558271666264E-7,100100.0,100.0,100.0,100.0,100.0,100100.0,232144.0,7.0
100485.0,3.70213223,2.2092798999261728E-7,100485.0,100.0,100.0,100.0,100.0,100485.0,232144.0,7.0
100870.0,3.714623216,2.2167814638474953E-7,100870.0,100.0,?,?,?,100870.0,232144.0,7.0
101255.0,3.728276548,2.225010471471254E-7,101255.0,99.8,83.2355406538139,50.0,71.42857142857143,101255.0,232976.0,8.0
101640.0,3.741018059,2.2326899149329087E-7,101640.0,99.8,85.6156501726121,66.66666666666666,75.0,101640.0,232976.0,8.0
102025.0,3.753973256,2.240498149207172E-7,102025.0,100.0,100.0,100.0,100.0,102025.0,232976.0,8.0
102410.0,3.766480079,2.2480361437286558E-7,102410.0,100.0,100.0,100.0,100.0,102410.0,232976.0,8.0
102795.0,3.778983747,2.2555722366982654E-7,102795.0,100.0,?,?,?,102795.0,232976.0,8.0
103180.0,3.791536717,2.2631380445048002E-7,103180.0,100.0,?,?,?,103180.0,232976.0,8.0
103565.0,3.804472299,2.2709344566110724E-7,103565.0,99.9,0.0,-Infinity,-Infinity,103565.0,232976.0,8.0
103950.0,3.817360635,2.278702393053368E-7,103950.0,99.7,76.77299473521218,25.0,57.14285714285714,103950.0,232976.0,8.0
104335.0,3.830196558,2.2864387396261298E-7,104335.0,99.7,76.77299473521218,25.0,57.14285714285714,104335.0,232976.0,8.0
104720.0,3.843199118,2.2942755200815073E-7,104720.0,100.0,?,?,?,104720.0,232976.0,8.0
105105.0,3.856163003,2.3020889907052738E-7,105105.0,100.0,?,?,?,105105.0,232976.0,8.0
105490.0,3.868984236,2.3098164834596422E-7,105490.0,100.0,?,?,?,105490.0,232976.0,8.0
105875.0,3.881918201,2.3176119209829096E-7,105875.0,100.0,100.0,100.0,100.0,105875.0,232976.0,8.0
106260.0,3.894674391,2.3253002116331415E-7,106260.0,99.7,79.84954325631396,25.0,62.5,106260.0,232976.0,8.0
106645.0,3.907414096,2.332978566599492E-7,106645.0,99.7,79.84954325631396,25.0,62.5,106645.0,232976.0,8.0
107030.0,3.920085314,2.3406156437264751E-7,107030.0,99.7,79.84954325631396,25.0,62.5,107030.0,232976.0,8.0
107415.0,3.93265204,2.3481897424197234E-7,107415.0,100.0,100.0,100.0,100.0,107415.0,232976.0,8.0
107800.0,3.945220746,2.3557650344799167E-7,107800.0,100.0,?,?,?,107800.0,232976.0,8.0
108185.0,3.957778074,2.3633334688991512E-7,108185.0,100.0,?,?,?,108185.0,232976.0,8.0
108570.0,3.970240388,2.370844637375511E-7,108570.0,100.0,?,?,?,108570.0,232976.0,8.0
108955.0,3.982908563,2.3784798804542048E-7,108955.0,99.8,83.2355406538139,50.0,71.42857142857143,108955.0,232976.0,8.0
109340.0,3.995450739,2.3860391826027586E-7,109340.0,99.8,83.2355406538139,50.0,71.42857142857143,109340.0,232976.0,8.0
109725.0,4.008225583,2.393738716216116E-7,109725.0,99.8,85.6156501726121,66.66666666666666,75.0,109725.0,232976.0,8.0
110110.0,4.020920058,2.401389810583016E-7,110110.0,100.0,100.0,100.0,100.0,110110.0,232976.0,8.0
110495.0,4.033585875,2.409023632470166E-7,110495.0,100.0,100.0,100.0,100.0,110495.0,232976.0,8.0
110880.0,4.046196969,2.416624472226347E-7,110880.0,100.0,?,?,?,110880.0,232976.0,8.0
111265.0,4.05870229,2.4241615614765426E-7,111265.0,100.0,?,?,?,111265.0,232976.0,8.0
111650.0,4.0711176,2.431644400144886E-7,111650.0,99.8,83.2355406538139,50.0,71.42857142857143,111650.0,232976.0,8.0
112035.0,4.083731964,2.4392472107646574E-7,112035.0,99.8,85.6156501726121,66.66666666666666,75.0,112035.0,232976.0,8.0
112420.0,4.096138011,2.4467244665249146E-7,112420.0,100.0,100.0,100.0,100.0,112420.0,232976.0,8.0
112805.0,4.108898542,2.4544153735417663E-7,112805.0,100.0,100.0,100.0,100.0,112805.0,232976.0,8.0
113190.0,4.121329415,2.4619075921948377E-7,113190.0,100.0,?,?,?,113190.0,232976.0,8.0
113575.0,4.133793498,2.46941982686621E-7,113575.0,100.0,?,?,?,113575.0,232976.0,8.0
113960.0,4.146321005,2.476970287853293E-7,113960.0,99.8,83.2355406538139,66.66666666666666,71.42857142857143,113960.0,232976.0,8.0
114345.0,4.158681813,2.4844202775897044E-7,114345.0,99.8,83.2355406538139,66.66666666666666,71.42857142857143,114345.0,232976.0,8.0
114730.0,4.171166077,2.491944675563255E-7,114730.0,99.8,85.6156501726121,75.0,75.0,114730.0,232976.0,8.0
115115.0,4.183773261,2.499543158721075E-7,115115.0,100.0,100.0,100.0,100.0,115115.0,232976.0,8.0
115500.0,4.196285888,2.507084651374755E-7,115500.0,100.0,100.0,100.0,100.0,115500.0,232976.0,8.0
115885.0,4.20897317,2.514731410444466E-7,115885.0,100.0,?,?,?,115885.0,232976.0,8.0
116270.0,4.221552646,2.522313193697586E-7,116270.0,100.0,?,?,?,116270.0,232976.0,8.0
116655.0,4.234169142,2.5299172892963106E-7,116655.0,99.7,76.77299473521218,50.0,57.14285714285714,116655.0,232976.0,8.0
117040.0,4.24670135,2.537470583625821E-7,117040.0,99.7,76.77299473521218,50.0,57.14285714285714,117040.0,232976.0,8.0
117425.0,4.259243899,2.5450301105854207E-7,117425.0,99.7,76.77299473521218,50.0,57.14285714285714,117425.0,232976.0,8.0
117810.0,4.271799053,2.552597234711858E-7,117810.0,100.0,?,?,?,117810.0,232976.0,8.0
118195.0,4.284315027,2.560140744637843E-7,118195.0,100.0,100.0,100.0,100.0,118195.0,232976.0,8.0
118580.0,4.29678575,2.5676569813074547E-7,118580.0,100.0,100.0,100.0,100.0,118580.0,232976.0,8.0
118965.0,4.309274273,2.575183946225358E-7,118965.0,100.0,100.0,100.0,100.0,118965.0,232976.0,8.0
119350.0,4.327023322,2.5858814858102346E-7,119350.0,99.4,62.19758064516151,-50.0,25.0,119350.0,232976.0,8.0
119735.0,4.343687877,2.5959253893893423E-7,119735.0,99.4,62.19758064516151,-50.0,25.0,119735.0,232976.0,8.0
120120.0,4.359847353,2.6056648765123347E-7,120120.0,100.0,?,?,?,120120.0,232976.0,8.0
120505.0,4.376131208,2.6154793281743304E-7,120505.0,100.0,?,?,?,120505.0,232976.0,8.0
120890.0,4.392356031,2.625258200625475E-7,120890.0,100.0,?,?,?,120890.0,232976.0,8.0
121275.0,4.408825057,2.6351842568079423E-7,121275.0,100.0,100.0,100.0,100.0,121275.0,232976.0,8.0
121660.0,4.425120323,2.6450055860003457E-7,121660.0,99.7,84.06289842753935,50.0,72.72727272727273,121660.0,232976.0,8.0
122045.0,4.441396958,2.654815686091967E-7,122045.0,99.7,82.20640569395015,25.0,70.0,122045.0,232976.0,8.0
122430.0,4.457679071,2.664629087832136E-7,122430.0,99.7,82.20640569395015,25.0,70.0,122430.0,232976.0,8.0
122815.0,4.4738606,2.674381866531509E-7,122815.0,100.0,?,?,?,122815.0,232976.0,8.0
123200.0,4.490218299,2.68424082475344E-7,123200.0,100.0,?,?,?,123200.0,232976.0,8.0
123585.0,4.50653989,2.6940780203018137E-7,123585.0,100.0,100.0,100.0,100.0,123585.0,232976.0,8.0
123970.0,4.521053312,2.7028254132667564E-7,123970.0,100.0,100.0,100.0,100.0,123970.0,232976.0,8.0
124355.0,4.532382744,2.70965378177789E-7,124355.0,99.8,83.2355406538139,66.66666666666666,71.42857142857143,124355.0,232976.0,8.0
124740.0,4.54363162,2.716433598335688E-7,124740.0,99.8,83.2355406538139,66.66666666666666,71.42857142857143,124740.0,232976.0,8.0
125125.0,4.555057142,2.7233198813062785E-7,125125.0,100.0,100.0,100.0,100.0,125125.0,232976.0,8.0
125510.0,4.566219037,2.7300472734952763E-7,125510.0,100.0,100.0,100.0,100.0,125510.0,232976.0,8.0
125895.0,4.577498984,2.736845816873449E-7,125895.0,100.0,100.0,100.0,100.0,125895.0,232976.0,8.0
126280.0,4.588732752,2.743616527679832E-7,126280.0,100.0,?,?,?,126280.0,232976.0,8.0
126665.0,4.600228296,2.750545013650528E-7,126665.0,100.0,?,?,?,126665.0,232976.0,8.0
127050.0,4.611440092,2.7573024817000877E-7,127050.0,99.8,83.2355406538139,50.0,71.42857142857143,127050.0,232976.0,8.0
127435.0,4.622630487,2.7640470511405636E-7,127435.0,99.8,83.2355406538139,50.0,71.42857142857143,127435.0,232976.0,8.0
127820.0,4.633928688,2.77085659639763E-7,127820.0,100.0,?,?,?,127820.0,232976.0,8.0
128205.0,4.645203125,2.777651818840517E-7,128205.0,100.0,?,?,?,128205.0,232976.0,8.0
128590.0,4.656411199,2.784407043601304E-7,128590.0,100.0,?,?,?,128590.0,232976.0,8.0
128975.0,4.667673252,2.791194802076391E-7,128975.0,100.0,100.0,100.0,100.0,128975.0,232976.0,8.0
129360.0,4.679055639,2.798055087126192E-7,129360.0,99.8,85.6156501726121,75.0,75.0,129360.0,232976.0,8.0
129745.0,4.690832083,2.805152874498298E-7,129745.0,99.8,83.2355406538139,66.66666666666666,71.42857142857143,129745.0,232976.0,8.0
130130.0,4.702002411,2.8118853493456016E-7,130130.0,99.8,85.6156501726121,75.0,75.0,130130.0,232976.0,8.0
130515.0,4.713122116,2.818587313175306E-7,130515.0,100.0,100.0,100.0,100.0,130515.0,232976.0,8.0
130900.0,4.724547509,2.825473518396232E-7,130900.0,100.0,100.0,100.0,100.0,130900.0,232976.0,8.0
131285.0,4.735889792,2.8323096323410056E-7,131285.0,100.0,?,?,?,131285.0,232976.0,8.0
131670.0,4.747080014,2.8390540975125515E-7,131670.0,100.0,?,?,?,131670.0,232976.0,8.0
132055.0,4.758308998,2.8458219249515284E-7,132055.0,99.8,85.6156501726121,50.0,75.0,132055.0,232976.0,8.0
132440.0,4.769726013,2.8527030806632307E-7,132440.0,99.8,85.6156501726121,50.0,75.0,132440.0,232976.0,8.0
132825.0,4.78098595,2.859489563802734E-7,132825.0,99.8,85.6156501726121,50.0,75.0,132825.0,232976.0,8.0
133210.0,4.792252684,2.866280143566037E-7,133210.0,100.0,?,?,?,133210.0,232976.0,8.0
133595.0,4.803350458,2.872968889350051E-7,133595.0,100.0,?,?,?,133595.0,232976.0,8.0
133980.0,4.814668803,2.879790575609005E-7,133980.0,100.0,?,?,?,133980.0,232976.0,8.0
134365.0,4.825911624,2.886566742754252E-7,134365.0,100.0,?,?,?,134365.0,232976.0,8.0
134750.0,4.837121408,2.893322998150128E-7,134750.0,100.0,?,?,?,134750.0,232976.0,8.0
135135.0,4.848276516,2.900046299742432E-7,135135.0,100.0,?,?,?,135135.0,232976.0,8.0
135520.0,4.859684105,2.906921774304224E-7,135520.0,100.0,?,?,?,135520.0,232976.0,8.0
135905.0,4.870942103,2.913707088787916E-7,135905.0,99.9,0.0,-Infinity,-Infinity,135905.0,232976.0,8.0
136290.0,4.882053508,2.920404050119822E-7,136290.0,99.9,0.0,-Infinity,-Infinity,136290.0,232976.0,8.0
136675.0,4.893327431,2.9271989627694715E-7,136675.0,99.9,0.0,-Infinity,-Infinity,136675.0,232976.0,8.0
137060.0,4.904616116,2.934002772632676E-7,137060.0,99.7,79.84954325631396,25.0,62.5,137060.0,232976.0,8.0
137445.0,4.916077129,2.940910446404397E-7,137445.0,99.7,79.84954325631396,25.0,62.5,137445.0,232976.0,8.0
137830.0,4.927420898,2.94774745597709E-7,137830.0,100.0,100.0,100.0,100.0,137830.0,232976.0,8.0
138215.0,4.938546298,2.9544528522435373E-7,138215.0,99.9,0.0,50.0,0.0,138215.0,232976.0,8.0
138600.0,4.949759927,2.9612114250615867E-7,138600.0,99.9,0.0,50.0,0.0,138600.0,232976.0,8.0
138985.0,4.96091892,2.9679370681844865E-7,138985.0,100.0,?,?,?,138985.0,232976.0,8.0
139370.0,4.972075386,2.974661188257755E-7,139370.0,99.7,76.77299473521218,25.0,57.14285714285714,139370.0,232976.0,8.0
139755.0,4.983228817,2.981383479104419E-7,139755.0,99.7,79.84954325631396,50.0,62.5,139755.0,232976.0,8.0
140140.0,4.994411374,2.9881233244993835E-7,140140.0,99.7,79.84954325631396,50.0,62.5,140140.0,232976.0,8.0
140525.0,5.005651667,2.994897967992289E-7,140525.0,100.0,100.0,100.0,100.0,140525.0,232976.0,8.0
140910.0,5.016881836,3.001666509643301E-7,140910.0,100.0,?,?,?,140910.0,232976.0,8.0
141295.0,5.028153863,3.0084602795536945E-7,141295.0,100.0,?,?,?,141295.0,232976.0,8.0
141680.0,5.039580652,3.015347326158588E-7,141680.0,100.0,?,?,?,141680.0,232976.0,8.0
142065.0,5.051688087,3.022670665229092E-7,142065.0,99.6,71.22716155948798,0.0,42.857142857142854,142065.0,233808.0,9.0
142450.0,5.063131537,3.029592384361704E-7,142450.0,99.6,74.79838709677435,33.33333333333333,50.0,142450.0,233808.0,9.0
142835.0,5.074393966,3.036404610594963E-7,142835.0,99.6,74.79838709677435,33.33333333333333,50.0,142835.0,233808.0,9.0
143220.0,5.085670056,3.0432250998612297E-7,143220.0,100.0,?,?,?,143220.0,233808.0,9.0
143605.0,5.096968879,3.0500593394773507E-7,143605.0,100.0,?,?,?,143605.0,233808.0,9.0
143990.0,5.10821362,3.056860866894429E-7,143990.0,100.0,100.0,100.0,100.0,143990.0,233808.0,9.0
144375.0,5.119621062,3.063760806121285E-7,144375.0,100.0,100.0,100.0,100.0,144375.0,233808.0,9.0
144760.0,5.132228246,3.07141356043139E-7,144760.0,99.7,86.80506685432792,75.0,75.0,144760.0,234640.0,10.0
145145.0,5.143918575,3.0785097696753645E-7,145145.0,99.7,86.80506685432792,75.0,75.0,145145.0,234640.0,10.0
145530.0,5.155581141,3.085589126351953E-7,145530.0,100.0,100.0,100.0,100.0,145530.0,234640.0,10.0
145915.0,5.167106144,3.0925849801748383E-7,145915.0,100.0,?,?,?,145915.0,234640.0,10.0
146300.0,5.178680867,3.099611014801327E-7,146300.0,100.0,?,?,?,146300.0,234640.0,10.0
146685.0,5.190054703,3.106515107933578E-7,146685.0,100.0,?,?,?,146685.0,234640.0,10.0
147070.0,5.201532085,3.1134820550780964E-7,147070.0,99.6,71.22716155948798,33.33333333333333,42.857142857142854,147070.0,234640.0,10.0
147455.0,5.213005303,3.1204464746106635E-7,147455.0,99.6,74.79838709677435,50.0,50.0,147455.0,234640.0,10.0
147840.0,5.224434493,3.127384168471045E-7,147840.0,99.6,74.79838709677435,50.0,50.0,147840.0,234640.0,10.0
148225.0,5.236852687,3.134922202948627E-7,148225.0,100.0,100.0,100.0,100.0,148225.0,234640.0,10.0
148610.0,5.250366058,3.1431250266850216E-7,148610.0,100.0,?,?,?,148610.0,234640.0,10.0
148995.0,5.263099986,3.1508547165496704E-7,148995.0,100.0,?,?,?,148995.0,234640.0,10.0
149380.0,5.275797673,3.158562407570727E-7,149380.0,100.0,100.0,100.0,100.0,149380.0,234640.0,10.0
149765.0,5.288648289,3.166362928843479E-7,149765.0,99.6,77.58601367253168,50.0,63.63636363636363,149765.0,234640.0,10.0
150150.0,5.301471034,3.1741465319911857E-7,150150.0,99.6,79.80613893376417,60.0,66.66666666666666,150150.0,234640.0,10.0
150535.0,5.314228673,3.18189061479699E-7,150535.0,99.6,77.58601367253168,50.0,63.63636363636363,150535.0,234640.0,10.0
150920.0,5.326924988,3.1895974729929753E-7,150920.0,100.0,?,?,?,150920.0,234640.0,10.0
151305.0,5.339766446,3.197392435219078E-7,151305.0,100.0,?,?,?,151305.0,234640.0,10.0
151690.0,5.3525523,3.2051536449632105E-7,151690.0,100.0,?,?,?,151690.0,234640.0,10.0
152075.0,5.365241371,3.212856105939942E-7,152075.0,100.0,?,?,?,152075.0,234640.0,10.0
152460.0,5.377904986,3.220543114733718E-7,152460.0,99.7,76.77299473521218,25.0,57.14285714285714,152460.0,234640.0,10.0
152845.0,5.390895726,3.2284286934265053E-7,152845.0,99.6,74.80156230313709,50.0,55.55555555555556,152845.0,234640.0,10.0
153230.0,5.403907479,3.236327027333012E-7,153230.0,99.9,66.62216288384631,75.0,50.0,153230.0,234640.0,10.0
153615.0,5.416787117,3.2441451654054864E-7,153615.0,100.0,?,100.0,?,153615.0,234640.0,10.0
154000.0,5.429526368,3.251878086412886E-7,154000.0,100.0,?,?,?,154000.0,234640.0,10.0
154385.0,5.442723604,3.2598890113490546E-7,154385.0,100.0,?,?,?,154385.0,234640.0,10.0
154770.0,5.455552686,3.267676461153086E-7,154770.0,99.0,49.540821475426625,-66.66666666666666,-42.857142857142854,154770.0,234640.0,10.0
155155.0,5.468552049,3.275567274139306E-7,155155.0,99.0,49.540821475426625,-66.66666666666666,-42.857142857142854,155155.0,234640.0,10.0
155540.0,5.481565098,3.2834663947377166E-7,155540.0,99.0,54.07788390889052,-25.0,-25.0,155540.0,234640.0,10.0
155925.0,5.494580911,3.291367193126577E-7,155925.0,100.0,100.0,100.0,100.0,155925.0,234640.0,10.0
156310.0,5.507826682,3.29940757955315E-7,156310.0,100.0,?,?,?,156310.0,234640.0,10.0
156695.0,5.520810419,3.3072889073173847E-7,156695.0,100.0,?,?,?,156695.0,234640.0,10.0
157080.0,5.533579746,3.315040084918694E-7,157080.0,100.0,?,?,?,157080.0,234640.0,10.0
157465.0,5.546592609,3.3229390926122476E-7,157465.0,99.7,79.84954325631396,25.0,62.5,157465.0,234640.0,10.0
157850.0,5.55939168,3.3307083252783674E-7,157850.0,99.7,82.20218319886102,50.0,66.66666666666666,157850.0,234640.0,10.0
158235.0,5.572649871,3.338756250835688E-7,158235.0,99.8,74.8995983935742,33.33333333333333,50.0,158235.0,234640.0,10.0
158620.0,5.585487992,3.3465491874515404E-7,158620.0,100.0,?,?,?,158620.0,234640.0,10.0
159005.0,5.598263091,3.3543038687454966E-7,159005.0,100.0,?,?,?,159005.0,234640.0,10.0
159390.0,5.61102913,3.362053050480309E-7,159390.0,100.0,?,?,?,159390.0,234640.0,10.0
159775.0,5.624496899,3.3702281931023444E-7,159775.0,99.5,66.41590542718994,-25.0,37.5,159775.0,234640.0,10.0
160160.0,5.63773103,3.3782615138701493E-7,160160.0,99.5,66.41590542718994,-25.0,37.5,160160.0,234640.0,10.0
160545.0,5.650826306,3.3862105475204086E-7,160545.0,99.5,70.3369719981017,16.666666666666664,44.44444444444444,160545.0,234640.0,10.0
160930.0,5.663804207,3.3940883327430134E-7,160930.0,100.0,100.0,100.0,100.0,160930.0,234640.0,10.0
161315.0,5.676806586,3.401980976487553E-7,161315.0,100.0,100.0,100.0,100.0,161315.0,234640.0,10.0
161700.0,5.689790296,3.4098622878623733E-7,161700.0,100.0,?,?,?,161700.0,234640.0,10.0
162085.0,5.702693545,3.417694758174467E-7,162085.0,100.0,?,?,?,162085.0,234640.0,10.0
162470.0,5.715515552,3.42547791334484E-7,162470.0,100.0,?,?,?,162470.0,234640.0,10.0
162855.0,5.728410102,3.4333051032303337E-7,162855.0,100.0,?,?,?,162855.0,234640.0,10.0
163240.0,5.741339858,3.441153663698524E-7,163240.0,100.0,?,?,?,163240.0,234640.0,10.0
163625.0,5.754398682,3.4490805704249504E-7,163625.0,100.0,?,?,?,163625.0,234640.0,10.0
164010.0,5.767700393,3.457154913290654E-7,164010.0,100.0,?,?,?,164010.0,234640.0,10.0
164395.0,5.780643383,3.4650115070000934E-7,164395.0,99.8,83.2355406538139,50.0,71.42857142857143,164395.0,234640.0,10.0
164780.0,5.793596049,3.472873974190137E-7,164780.0,99.8,83.2355406538139,50.0,71.42857142857143,164780.0,234640.0,10.0
165165.0,5.806679843,3.480816038090055E-7,165165.0,100.0,100.0,100.0,100.0,165165.0,234640.0,10.0
165550.0,5.819797338,3.488778559014555E-7,165550.0,100.0,100.0,100.0,100.0,165550.0,234640.0,10.0
165935.0,5.833127283,3.4968700403518785E-7,165935.0,100.0,100.0,100.0,100.0,165935.0,234640.0,10.0
166320.0,5.846143053,3.5047708126390783E-7,166320.0,100.0,?,?,?,166320.0,234640.0,10.0
166705.0,5.859299988,3.5127572742493014E-7,166705.0,100.0,100.0,100.0,100.0,166705.0,234640.0,10.0
167090.0,5.872313099,3.520656432482664E-7,167090.0,99.8,83.2355406538139,66.66666666666666,71.42857142857143,167090.0,234640.0,10.0
167475.0,5.88529312,3.5285355045778277E-7,167475.0,99.8,83.2355406538139,66.66666666666666,71.42857142857143,167475.0,234640.0,10.0
167860.0,5.898434135,3.53651230250355E-7,167860.0,100.0,?,?,?,167860.0,234640.0,10.0
168245.0,5.911510082,3.544449603153953E-7,168245.0,100.0,?,?,?,168245.0,234640.0,10.0
168630.0,5.924626501,3.552411470929928E-7,168630.0,100.0,?,?,?,168630.0,234640.0,10.0
169015.0,5.938105537,3.560593452794003E-7,169015.0,100.0,100.0,100.0,100.0,169015.0,234640.0,10.0
169400.0,5.951007162,3.5684249373131554E-7,169400.0,99.8,85.6156501726121,75.0,75.0,169400.0,234640.0,10.0
169785.0,5.964238491,3.5764565572239273E-7,169785.0,99.8,85.6156501726121,75.0,75.0,169785.0,234640.0,10.0
170170.0,5.977098935,3.5842630442436187E-7,170170.0,99.8,83.2355406538139,66.66666666666666,71.42857142857143,170170.0,234640.0,10.0
170555.0,5.990126052,3.592170704334087E-7,170555.0,100.0,?,?,?,170555.0,234640.0,10.0
170940.0,6.003245199,3.6001342280479584E-7,170940.0,100.0,100.0,100.0,100.0,170940.0,234640.0,10.0
171325.0,6.016252397,3.6080297969995087E-7,171325.0,100.0,100.0,100.0,100.0,171325.0,234640.0,10.0
171710.0,6.028082318,3.6152107407313484E-7,171710.0,100.0,100.0,100.0,100.0,171710.0,234640.0,10.0
172095.0,6.039591258,3.622196844066537E-7,172095.0,99.7,76.78018575851378,50.0,62.5,172095.0,234640.0,10.0
172480.0,6.051297246,3.6293025585640034E-7,172480.0,99.7,79.8549556809025,62.5,66.66666666666666,172480.0,234640.0,10.0
172865.0,6.063113943,3.636475475124748E-7,172865.0,100.0,100.0,100.0,100.0,172865.0,234640.0,10.0
173250.0,6.074928005,3.6436467922000235E-7,173250.0,100.0,100.0,100.0,100.0,173250.0,234640.0,10.0
173635.0,6.086547467,3.6506999840866176E-7,173635.0,100.0,?,?,?,173635.0,234640.0,10.0
174020.0,6.098193084,3.657769052459902E-7,174020.0,100.0,?,?,?,174020.0,234640.0,10.0
174405.0,6.109744339,3.6647808416499675E-7,174405.0,99.8,83.2355406538139,50.0,71.42857142857143,174405.0,234640.0,10.0
174790.0,6.121459914,3.671892375603672E-7,174790.0,99.8,83.2355406538139,50.0,71.42857142857143,174790.0,234640.0,10.0
175175.0,6.133079567,3.6789456834301996E-7,175175.0,99.8,83.2355406538139,50.0,71.42857142857143,175175.0,234640.0,10.0
175560.0,6.144747113,3.6860280630432715E-7,175560.0,100.0,?,?,?,175560.0,234640.0,10.0
175945.0,6.156230901,3.6929988987281734E-7,175945.0,100.0,100.0,100.0,100.0,175945.0,234640.0,10.0
176330.0,6.167565308,3.6998790578518707E-7,176330.0,100.0,100.0,100.0,100.0,176330.0,234640.0,10.0
176715.0,6.178942912,3.706785438217991E-7,176715.0,100.0,?,?,?,176715.0,234640.0,10.0
177100.0,6.190640116,3.7138858206925525E-7,177100.0,99.8,87.40078115156855,50.0,77.77777777777779,177100.0,234640.0,10.0
177485.0,6.202321833,3.7209768023202636E-7,177485.0,99.8,87.40078115156855,50.0,77.77777777777779,177485.0,234640.0,10.0
177870.0,6.21393346,3.728025238241527E-7,177870.0,100.0,100.0,100.0,100.0,177870.0,234640.0,10.0
178255.0,6.225482922,3.7350359390530554E-7,178255.0,100.0,100.0,100.0,100.0,178255.0,234640.0,10.0
178640.0,6.23718703,3.742140512361649E-7,178640.0,100.0,?,?,?,178640.0,234640.0,10.0
179025.0,6.249091461,3.7493666848078186E-7,179025.0,100.0,?,?,?,179025.0,234640.0,10.0
179410.0,6.261595943,3.756984011948007E-7,179410.0,99.8,85.6156501726121,66.66666666666666,75.0,179410.0,235472.0,11.0
179795.0,6.273515218,3.7642448498578763E-7,179795.0,99.8,85.6156501726121,66.66666666666666,75.0,179795.0,235472.0,11.0
180180.0,6.285755808,3.7717014225027025E-7,180180.0,99.8,85.6156501726121,66.66666666666666,75.0,180180.0,235472.0,11.0
180565.0,6.297772785,3.7790217773198896E-7,180565.0,100.0,?,?,?,180565.0,235472.0,11.0
180950.0,6.309525988,3.7861814495235083E-7,180950.0,100.0,?,?,?,180950.0,235472.0,11.0
181335.0,6.321301492,3.7933547067770755E-7,181335.0,100.0,?,?,?,181335.0,235472.0,11.0
181720.0,6.333291563,3.800658671326834E-7,181720.0,100.0,?,?,?,181720.0,235472.0,11.0
182105.0,6.345405841,3.8080382987750717E-7,182105.0,99.8,83.2355406538139,50.0,71.42857142857143,182105.0,235472.0,11.0
182490.0,6.357435858,3.815366597139693E-7,182490.0,99.8,83.2355406538139,50.0,71.42857142857143,182490.0,235472.0,11.0
182875.0,6.369123543,3.8224863578907964E-7,182875.0,99.8,83.2355406538139,50.0,71.42857142857143,182875.0,235472.0,11.0
183260.0,6.380840644,3.8296240379203755E-7,183260.0,100.0,?,?,?,183260.0,235472.0,11.0
183645.0,6.392462033,3.8367034132864557E-7,183645.0,100.0,100.0,100.0,100.0,183645.0,235472.0,11.0
184030.0,6.404302293,3.8439161178067145E-7,184030.0,100.0,100.0,100.0,100.0,184030.0,235472.0,11.0
184415.0,6.416215391,3.851173192887404E-7,184415.0,100.0,100.0,100.0,100.0,184415.0,235472.0,11.0
184800.0,6.428186651,3.8584656983826544E-7,184800.0,99.7,76.77299473521218,-50.0,57.14285714285714,184800.0,235472.0,11.0
185185.0,6.439906734,3.8656051949504583E-7,185185.0,99.7,76.77299473521218,-50.0,57.14285714285714,185185.0,235472.0,11.0
185570.0,6.451619594,3.8727402914996184E-7,185570.0,99.9,66.62216288384631,50.0,0.0,185570.0,235472.0,11.0
185955.0,6.463825301,3.8801756145458903E-7,185955.0,100.0,100.0,100.0,100.0,185955.0,235472.0,11.0
186340.0,6.475600687,3.8873487999176634E-7,186340.0,100.0,100.0,100.0,100.0,186340.0,235472.0,11.0
186725.0,6.487369778,3.8945181505784627E-7,186725.0,100.0,?,?,?,186725.0,235472.0,11.0
187110.0,6.499038099,3.901626115405293E-7,187110.0,100.0,?,?,?,187110.0,235472.0,11.0
187495.0,6.511032695,3.9089328364391114E-7,187495.0,99.8,83.2355406538139,66.66666666666666,71.42857142857143,187495.0,235472.0,11.0
187880.0,6.522997149,3.9162211959386684E-7,187880.0,99.8,85.6156501726121,75.0,75.0,187880.0,235472.0,11.0
188265.0,6.53467747,3.9233364707784753E-7,188265.0,100.0,100.0,100.0,100.0,188265.0,235472.0,11.0
188650.0,6.546474205,3.930522661272501E-7,188650.0,100.0,?,?,?,188650.0,235472.0,11.0
189035.0,6.558321522,3.937739664689557E-7,189035.0,100.0,?,?,?,189035.0,235472.0,11.0
189420.0,6.57058878,3.945212482619888E-7,189420.0,100.0,?,?,?,189420.0,235472.0,11.0
189805.0,6.582467521,3.9524486285242584E-7,189805.0,99.7,76.77299473521218,25.0,57.14285714285714,189805.0,235472.0,11.0
190190.0,6.594328942,3.959674223643233E-7,190190.0,99.7,76.77299473521218,25.0,57.14285714285714,190190.0,235472.0,11.0
190575.0,6.606109109,3.9668503214460093E-7,190575.0,99.7,79.84954325631396,50.0,62.5,190575.0,235472.0,11.0
190960.0,6.617954791,3.974066328873798E-7,190960.0,100.0,100.0,100.0,100.0,190960.0,235472.0,11.0
191345.0,6.62987656,3.981328686048031E-7,191345.0,100.0,100.0,100.0,100.0,191345.0,235472.0,11.0
191730.0,6.641918441,3.9886642115788145E-7,191730.0,100.0,?,?,?,191730.0,235472.0,11.0
192115.0,6.653772277,3.9958851861604205E-7,192115.0,100.0,?,?,?,192115.0,235472.0,11.0
192500.0,6.665668147,4.003131766499147E-7,192500.0,99.8,85.6156501726121,75.0,75.0,192500.0,235472.0,11.0
192885.0,6.677487253,4.010331584684864E-7,192885.0,99.8,87.40078115156855,80.0,77.77777777777779,192885.0,235472.0,11.0
193270.0,6.689364683,4.017566931970317E-7,193270.0,100.0,100.0,100.0,100.0,193270.0,235472.0,11.0
193655.0,6.705359173,4.0273102594244636E-7,193655.0,100.0,?,?,?,193655.0,235472.0,11.0
194040.0,6.7223855,4.037682148700231E-7,194040.0,100.0,?,?,?,194040.0,235472.0,11.0
194425.0,6.739718347,4.0482407600741245E-7,194425.0,100.0,?,?,?,194425.0,235472.0,11.0
194810.0,6.758581105,4.05973134388657E-7,194810.0,100.0,100.0,100.0,100.0,194810.0,235472.0,11.0
195195.0,6.777434569,4.071216266093965E-7,195195.0,99.8,85.6156501726121,66.66666666666666,75.0,195195.0,235472.0,11.0
195580.0,6.796281476,4.0826971939884365E-7,195580.0,99.8,83.2355406538139,50.0,71.42857142857143,195580.0,235472.0,11.0
195965.0,6.815211246,4.0942285993500125E-7,195965.0,100.0,?,?,?,195965.0,235472.0,11.0
196350.0,6.834009603,4.1056799521503174E-7,196350.0,100.0,?,?,?,196350.0,235472.0,11.0
196735.0,6.853004034,4.1172507469076486E-7,196735.0,100.0,?,?,?,196735.0,235472.0,11.0
197120.0,6.871851319,4.1287319050675286E-7,197120.0,100.0,?,?,?,197120.0,235472.0,11.0
197505.0,6.892015514,4.141058683537136E-7,197505.0,99.8,85.6156501726121,66.66666666666666,75.0,197505.0,236304.0,12.0
197890.0,6.910180419,4.1521632557680857E-7,197890.0,99.8,85.6156501726121,66.66666666666666,75.0,197890.0,236304.0,12.0
198275.0,6.923457677,4.1602799109606097E-7,198275.0,99.8,83.2355406538139,50.0,71.42857142857143,198275.0,236304.0,12.0
198660.0,6.937013436,4.1685668194228807E-7,198660.0,100.0,100.0,100.0,100.0,198660.0,236304.0,12.0
199045.0,6.950506542,4.176815426844547E-7,199045.0,100.0,100.0,100.0,100.0,199045.0,236304.0,12.0
199430.0,6.963741399,4.1849061614519007E-7,199430.0,100.0,?,?,?,199430.0,236304.0,12.0
199815.0,6.977135197,4.193094059893305E-7,199815.0,100.0,?,?,?,199815.0,236304.0,12.0
200200.0,6.990480292,4.201252185210029E-7,200200.0,99.7,85.56581986143188,-50.0,75.0,200200.0,236304.0,12.0
200585.0,7.003807199,4.2093991918360835E-7,200585.0,99.7,85.56581986143188,-50.0,75.0,200585.0,236304.0,12.0
200970.0,7.01714701,4.217554086937199E-7,200970.0,100.0,?,?,?,200970.0,236304.0,12.0
201355.0,7.030563924,4.2257561166549126E-7,201355.0,100.0,?,?,?,201355.0,236304.0,12.0
201740.0,7.043914108,4.233917352979819E-7,201740.0,100.0,?,?,?,201740.0,236304.0,12.0
202125.0,7.057207506,4.24204387487937E-7,202125.0,100.0,?,?,?,202125.0,236304.0,12.0
202510.0,7.070578213,4.2502176573274684E-7,202510.0,99.9,88.83928571428567,50.0,80.0,202510.0,236304.0,12.0
202895.0,7.083954909,4.2583951009718727E-7,202895.0,99.8,83.2355406538139,50.0,71.42857142857143,202895.0,236304.0,12.0
203280.0,7.098041543,4.2670065440123926E-7,203280.0,99.8,83.2355406538139,50.0,71.42857142857143,203280.0,236304.0,12.0
203665.0,7.111476752,4.2752197578320306E-7,203665.0,100.0,?,?,?,203665.0,236304.0,12.0
204050.0,7.125188069,4.2836017620323254E-7,204050.0,100.0,?,?,?,204050.0,236304.0,12.0
204435.0,7.138602508,4.2918022787326975E-7,204435.0,100.0,?,?,?,204435.0,236304.0,12.0
204820.0,7.151993752,4.299988615862469E-7,204820.0,100.0,?,?,?,204820.0,236304.0,12.0
205205.0,7.165324364,4.308137887429635E-7,205205.0,99.8,85.6156501726121,75.0,75.0,205205.0,236304.0,12.0
205590.0,7.179009861,4.316504107343967E-7,205590.0,99.8,85.6156501726121,75.0,75.0,205590.0,236304.0,12.0
205975.0,7.192370071,4.3246714727645767E-7,205975.0,99.8,83.2355406538139,66.66666666666666,71.42857142857143,205975.0,236304.0,12.0
206360.0,7.205950736,4.332973606766204E-7,206360.0,100.0,?,?,?,206360.0,236304.0,12.0
206745.0,7.219455883,4.341229575093652E-7,206745.0,100.0,?,?,?,206745.0,236304.0,12.0
207130.0,7.232614015,4.349273406163419E-7,207130.0,100.0,?,?,?,207130.0,236304.0,12.0
207515.0,7.245994032,4.357452880002002E-7,207515.0,100.0,?,?,?,207515.0,236304.0,12.0
207900.0,7.259552243,4.3657412874212515E-7,207900.0,99.8,85.6156501726121,75.0,75.0,207900.0,236304.0,12.0
208285.0,7.272866629,4.373880639707859E-7,208285.0,99.8,85.6156501726121,75.0,75.0,208285.0,236304.0,12.0
208670.0,7.28654361,4.3822416536198957E-7,208670.0,100.0,?,?,?,208670.0,236304.0,12.0
209055.0,7.300253969,4.390623072175498E-7,209055.0,100.0,?,?,?,209055.0,236304.0,12.0
209440.0,7.313527391,4.398737382343973E-7,209440.0,100.0,?,?,?,209440.0,236304.0,12.0
209825.0,7.32700722,4.4069778732681675E-7,209825.0,100.0,?,?,?,209825.0,236304.0,12.0
210210.0,7.340201619,4.415043875085379E-7,210210.0,99.8,85.6156501726121,66.66666666666666,75.0,210210.0,236304.0,12.0
210595.0,7.353536656,4.4231958517441555E-7,210595.0,99.8,85.6156501726121,66.66666666666666,75.0,210595.0,236304.0,12.0
210980.0,7.366813758,4.431312411570738E-7,210980.0,99.8,85.6156501726121,66.66666666666666,75.0,210980.0,236304.0,12.0
211365.0,7.380206558,4.4394996999146445E-7,211365.0,100.0,?,?,?,211365.0,236304.0,12.0
211750.0,7.393793511,4.4478056778973E-7,211750.0,100.0,100.0,100.0,100.0,211750.0,236304.0,12.0
212135.0,7.407151457,4.455971659289117E-7,212135.0,100.0,100.0,100.0,100.0,212135.0,236304.0,12.0
212520.0,7.420634821,4.4642143112299993E-7,212520.0,100.0,?,?,?,212520.0,236304.0,12.0
212905.0,7.434034043,4.472405525471832E-7,212905.0,99.8,83.2355406538139,50.0,71.42857142857143,212905.0,236304.0,12.0
213290.0,7.447392092,4.4805715698296237E-7,213290.0,99.8,83.2355406538139,50.0,71.42857142857143,213290.0,236304.0,12.0
213675.0,7.460776173,4.488753528073247E-7,213675.0,99.8,83.2355406538139,50.0,71.42857142857143,213675.0,236304.0,12.0
214060.0,7.474068466,4.4968793744640455E-7,214060.0,100.0,?,?,?,214060.0,236304.0,12.0
214445.0,7.487364742,4.5050076557429537E-7,214445.0,100.0,?,?,?,214445.0,236304.0,12.0
214830.0,7.499910737,4.51267727513742E-7,214830.0,100.0,?,?,?,214830.0,236304.0,12.0
215215.0,7.511694697,4.519881047190543E-7,215215.0,100.0,?,?,?,215215.0,236304.0,12.0
215600.0,7.523567893,4.527139371007498E-7,215600.0,99.8,85.6156501726121,75.0,75.0,215600.0,236304.0,12.0
215985.0,7.535526031,4.534449621579613E-7,215985.0,99.8,85.6156501726121,75.0,75.0,215985.0,236304.0,12.0
216370.0,7.547675388,4.541876768177192E-7,216370.0,100.0,?,?,?,216370.0,236304.0,12.0
216755.0,7.559430162,4.5490626982407677E-7,216755.0,100.0,?,?,?,216755.0,236304.0,12.0
217140.0,7.571267859,4.556299320804145E-7,217140.0,100.0,?,?,?,217140.0,236304.0,12.0
217525.0,7.583123283,4.5635467802396077E-7,217525.0,100.0,?,?,?,217525.0,236304.0,12.0
217910.0,7.59505425,4.570840420632254E-7,217910.0,99.8,85.6156501726121,50.0,75.0,217910.0,236304.0,12.0
218295.0,7.606809011,4.578026342748668E-7,218295.0,99.8,85.6156501726121,50.0,75.0,218295.0,236304.0,12.0
218680.0,7.6191455,4.5855678869063074E-7,218680.0,99.8,85.6156501726121,50.0,75.0,218680.0,236304.0,12.0
219065.0,7.630975708,4.592799931293171E-7,219065.0,100.0,?,?,?,219065.0,236304.0,12.0
219450.0,7.642724665,4.599982305307504E-7,219450.0,100.0,?,?,?,219450.0,236304.0,12.0
219835.0,7.654548276,4.6072103168154176E-7,219835.0,100.0,?,?,?,219835.0,236304.0,12.0
220220.0,7.666403335,4.61445755311903E-7,220220.0,100.0,?,?,?,220220.0,236304.0,12.0
220605.0,7.679071402,4.622229064205479E-7,220605.0,99.8,85.6156501726121,75.0,75.0,220605.0,237136.0,13.0
220990.0,7.691241891,4.629695324858427E-7,220990.0,99.8,85.6156501726121,75.0,75.0,220990.0,237136.0,13.0
221375.0,7.70321353,4.6370395964991966E-7,221375.0,99.8,87.40078115156855,80.0,77.77777777777779,221375.0,237136.0,13.0
221760.0,7.715211174,4.644399821493055E-7,221760.0,100.0,100.0,100.0,100.0,221760.0,237136.0,13.0
222145.0,7.727442768,4.6519035683848217E-7,222145.0,100.0,100.0,100.0,100.0,222145.0,237136.0,13.0
222530.0,7.739666618,4.659402564545332E-7,222530.0,100.0,?,?,?,222530.0,237136.0,13.0
222915.0,7.751961353,4.6669450467059846E-7,222915.0,100.0,?,?,?,222915.0,237136.0,13.0
223300.0,7.764111114,4.674398591300373E-7,223300.0,99.8,83.2355406538139,66.66666666666666,71.42857142857143,223300.0,237136.0,13.0
223685.0,7.776244266,4.6818419467295457E-7,223685.0,99.8,83.2355406538139,66.66666666666666,71.42857142857143,223685.0,237136.0,13.0
224070.0,7.788445265,4.6893269244293203E-7,224070.0,100.0,?,?,?,224070.0,237136.0,13.0
224455.0,7.800865436,4.6969463581299863E-7,224455.0,100.0,?,?,?,224455.0,237136.0,13.0
224840.0,7.813086146,4.7044434279867594E-7,224840.0,100.0,?,?,?,224840.0,237136.0,13.0
225225.0,7.825299899,4.711936229915155E-7,225225.0,100.0,?,?,?,225225.0,237136.0,13.0
225610.0,7.83749614,4.719418288712642E-7,225610.0,99.8,85.6156501726121,66.66666666666666,75.0,225610.0,237136.0,13.0
225995.0,7.84948311,4.726771965500737E-7,225995.0,99.8,85.6156501726121,66.66666666666666,75.0,225995.0,237136.0,13.0
226380.0,7.861731747,4.734286167804797E-7,226380.0,99.8,85.6156501726121,66.66666666666666,75.0,226380.0,237136.0,13.0
226765.0,7.873827227,4.7417064124968976E-7,226765.0,100.0,?,?,?,226765.0,237136.0,13.0
227150.0,7.885955113,4.749146537379738E-7,227150.0,100.0,?,?,?,227150.0,237136.0,13.0
227535.0,7.897906651,4.7564784776092233E-7,227535.0,100.0,?,?,?,227535.0,237136.0,13.0
227920.0,7.909902084,4.763837346215322E-7,227920.0,100.0,?,?,?,227920.0,237136.0,13.0
228305.0,7.921891006,4.771192220501792E-7,228305.0,99.8,85.6156501726121,75.0,75.0,228305.0,237136.0,13.0
228690.0,7.933963023,4.77859807128797E-7,228690.0,99.8,85.6156501726121,75.0,75.0,228690.0,237136.0,13.0
229075.0,7.946106226,4.786047592729521E-7,229075.0,99.8,83.2355406538139,66.66666666666666,71.42857142857143,229075.0,237136.0,13.0
229460.0,7.958250698,4.79349789266771E-7,229460.0,100.0,?,?,?,229460.0,237136.0,13.0
229845.0,7.970296601,4.800887723232294E-7,229845.0,100.0,?,?,?,229845.0,237136.0,13.0
230230.0,7.982196436,4.808187945091668E-7,230230.0,100.0,?,?,?,230230.0,237136.0,13.0
230615.0,7.994589164,4.815790543265749E-7,230615.0,100.0,100.0,100.0,100.0,230615.0,237136.0,13.0
231000.0,8.006544611,4.823124881559346E-7,231000.0,99.8,85.6156501726121,50.0,75.0,231000.0,237136.0,13.0
231385.0,8.018686784,4.830573771124193E-7,231385.0,99.8,85.6156501726121,50.0,75.0,231385.0,237136.0,13.0
231770.0,8.030584739,4.837872839655215E-7,231770.0,100.0,?,?,?,231770.0,237136.0,13.0
232155.0,8.042563982,4.845221776141087E-7,232155.0,100.0,?,?,?,232155.0,237136.0,13.0
232540.0,8.055051248,4.852882370781015E-7,232540.0,100.0,?,?,?,232540.0,237136.0,13.0
232925.0,8.067149807,4.860304504355028E-7,232925.0,100.0,?,?,?,232925.0,237136.0,13.0
233310.0,8.079030619,4.867593056126504E-7,233310.0,99.8,85.6156501726121,66.66666666666666,75.0,233310.0,237136.0,13.0
233695.0,8.091130459,4.875015975558826E-7,233695.0,99.8,85.6156501726121,66.66666666666666,75.0,233695.0,237136.0,13.0
234080.0,8.103074793,4.882343496332221E-7,234080.0,99.8,83.2355406538139,50.0,71.42857142857143,234080.0,237136.0,13.0
234465.0,8.115372009,4.889887500518215E-7,234465.0,100.0,?,?,?,234465.0,237136.0,13.0
234850.0,8.127579299,4.897376337573663E-7,234850.0,100.0,100.0,100.0,100.0,234850.0,237136.0,13.0
235235.0,8.139487174,4.904681491752162E-7,235235.0,100.0,100.0,100.0,100.0,235235.0,237136.0,13.0
235620.0,8.151544408,4.912078273573959E-7,235620.0,100.0,100.0,100.0,100.0,235620.0,237136.0,13.0
236005.0,8.163548358,4.919442367125578E-7,236005.0,99.7,76.78018575851378,62.5,62.5,236005.0,237136.0,13.0
236390.0,8.17578799,4.926951045109525E-7,236390.0,99.7,76.78018575851378,62.5,62.5,236390.0,237136.0,13.0
236775.0,8.188069862,4.934485636173051E-7,236775.0,99.7,76.78018575851378,62.5,62.5,236775.0,237136.0,13.0
237160.0,8.200142807,4.941892056261734E-7,237160.0,100.0,?,?,?,237160.0,237136.0,13.0
237545.0,8.212452194,4.949443527021866E-7,237545.0,100.0,?,?,?,237545.0,237136.0,13.0
237930.0,8.224656776,4.956930702793708E-7,237930.0,100.0,?,?,?,237930.0,237136.0,13.0
238315.0,8.238444265,4.965388948524315E-7,238315.0,100.0,?,?,?,238315.0,237136.0,13.0
238700.0,8.251883008,4.973633248164697E-7,238700.0,99.7,79.8549556809025,70.0,66.66666666666666,238700.0,237136.0,13.0
239085.0,8.265688529,4.982102556031928E-7,239085.0,99.7,79.8549556809025,70.0,66.66666666666666,239085.0,237136.0,13.0
239470.0,8.27903045,4.990287458035212E-7,239470.0,99.9,66.62216288384631,75.0,50.0,239470.0,237136.0,13.0
239855.0,8.292452332,4.998521413915301E-7,239855.0,100.0,?,?,?,239855.0,237136.0,13.0
240240.0,8.30619426,5.006951709224063E-7,240240.0,100.0,100.0,100.0,100.0,240240.0,237136.0,13.0
240625.0,8.319922136,5.015373384016862E-7,240625.0,100.0,100.0,100.0,100.0,240625.0,237136.0,13.0
241010.0,8.333296946,5.023578462518117E-7,241010.0,100.0,100.0,100.0,100.0,241010.0,237136.0,13.0
241395.0,8.346768341,5.031842793263481E-7,241395.0,99.8,83.2355406538139,50.0,71.42857142857143,241395.0,237136.0,13.0
241780.0,8.360482512,5.040256060415285E-7,241780.0,99.8,83.2355406538139,50.0,71.42857142857143,241780.0,237136.0,13.0
242165.0,8.373890286,5.04848136142495E-7,242165.0,99.9,66.62216288384631,50.0,0.0,242165.0,237136.0,13.0
242550.0,8.387347788,5.056737169196484E-7,242550.0,99.9,66.62216288384631,50.0,0.0,242550.0,237136.0,13.0
242935.0,8.400948341,5.06508073482661E-7,242935.0,99.9,0.0,-Infinity,-Infinity,242935.0,237136.0,13.0
243320.0,8.414513104,5.073402344274962E-7,243320.0,100.0,?,?,?,243320.0,237136.0,13.0
243705.0,8.428209194,5.081804519229989E-7,243705.0,99.8,83.2355406538139,50.0,71.42857142857143,243705.0,237136.0,13.0
244090.0,8.44175906,5.090116989778092E-7,244090.0,99.8,83.2355406538139,50.0,71.42857142857143,244090.0,237136.0,13.0
244475.0,8.455665632,5.098648289657742E-7,244475.0,99.8,85.6156501726121,66.66666666666666,75.0,244475.0,237136.0,13.0
244860.0,8.469204859,5.106954233471621E-7,244860.0,100.0,100.0,100.0,100.0,244860.0,237136.0,13.0
245245.0,8.482928676,5.11537341817943E-7,245245.0,100.0,?,?,?,245245.0,237136.0,13.0
245630.0,8.49631324,5.123584480491722E-7,245630.0,100.0,?,?,?,245630.0,237136.0,13.0
246015.0,8.509818559,5.131869622679123E-7,246015.0,100.0,?,?,?,246015.0,237136.0,13.0
246400.0,8.523205617,5.1400822149919E-7,246400.0,99.8,83.2355406538139,50.0,71.42857142857143,246400.0,237136.0,13.0
246785.0,8.536848539,5.148451772839563E-7,246785.0,99.8,83.2355406538139,50.0,71.42857142857143,246785.0,237136.0,13.0
247170.0,8.550837021,5.157033322253976E-7,247170.0,99.8,83.2355406538139,50.0,71.42857142857143,247170.0,237136.0,13.0
247555.0,8.564298185,5.165291376561907E-7,247555.0,99.9,0.0,-Infinity,-Infinity,247555.0,237136.0,13.0
247940.0,8.577795633,5.173571690107041E-7,247940.0,99.9,0.0,-Infinity,-Infinity,247940.0,237136.0,13.0
248325.0,8.591368623,5.181898346593881E-7,248325.0,99.9,0.0,-Infinity,-Infinity,248325.0,237136.0,13.0
248710.0,8.60532344,5.190459243455641E-7,248710.0,99.8,88.78923766816146,80.0,80.0,248710.0,237136.0,13.0
249095.0,8.619157119,5.198945825482313E-7,249095.0,99.8,88.78923766816146,80.0,80.0,249095.0,237136.0,13.0
249480.0,8.63264239,5.207218668772475E-7,249480.0,99.8,88.78923766816146,80.0,80.0,249480.0,237136.0,13.0
249865.0,8.64613977,5.215498940601478E-7,249865.0,100.0,?,?,?,249865.0,237136.0,13.0
250250.0,8.659469859,5.223676583997811E-7,250250.0,100.0,?,?,?,250250.0,237136.0,13.0
250635.0,8.672786934,5.231846243662665E-7,250635.0,100.0,?,?,?,250635.0,237136.0,13.0
251020.0,8.686215351,5.240084208585724E-7,251020.0,100.0,?,?,?,251020.0,237136.0,13.0
251405.0,8.699625302,5.248310845125082E-7,251405.0,99.8,85.6156501726121,66.66666666666666,75.0,251405.0,237136.0,13.0
251790.0,8.712987814,5.256508379141188E-7,251790.0,99.8,85.6156501726121,66.66666666666666,75.0,251790.0,237136.0,13.0
252175.0,8.726612254,5.264866598789588E-7,252175.0,99.8,85.6156501726121,66.66666666666666,75.0,252175.0,237136.0,13.0
252560.0,8.740044758,5.273107070974869E-7,252560.0,100.0,?,?,?,252560.0,237136.0,13.0
252945.0,8.7532925,5.281234196748945E-7,252945.0,100.0,?,?,?,252945.0,237136.0,13.0
253330.0,8.767041429,5.289668786978874E-7,253330.0,100.0,?,?,?,253330.0,237136.0,13.0
253715.0,8.781453956,5.298538514904831E-7,253715.0,99.9,0.0,-Infinity,-Infinity,253715.0,237888.0,14.0
254100.0,8.795015327,5.30688723281302E-7,254100.0,99.7,79.84954325631396,50.0,62.5,254100.0,237968.0,14.0
254485.0,8.808735938,5.315333982833132E-7,254485.0,99.8,85.6156501726121,66.66666666666666,75.0,254485.0,237968.0,14.0
254870.0,8.822303026,5.323686220268976E-7,254870.0,100.0,?,?,?,254870.0,237968.0,14.0
255255.0,8.836340671,5.332328144319302E-7,255255.0,100.0,?,?,?,255255.0,237968.0,14.0
255640.0,8.850125686,5.340814543046625E-7,255640.0,100.0,?,?,?,255640.0,237968.0,14.0
256025.0,8.863935963,5.349316493690623E-7,256025.0,100.0,?,?,?,256025.0,237968.0,14.0
256410.0,8.877595937,5.357725914062589E-7,256410.0,99.8,85.6156501726121,80.0,75.0,256410.0,237968.0,14.0
256795.0,8.89127529,5.366147264629839E-7,256795.0,99.8,85.6156501726121,80.0,75.0,256795.0,237968.0,14.0
257180.0,8.904812394,5.374481043168145E-7,257180.0,99.8,85.6156501726121,80.0,75.0,257180.0,237968.0,14.0
257565.0,8.918397597,5.382844432649377E-7,257565.0,100.0,?,?,?,257565.0,237968.0,14.0
257950.0,8.932165692,5.391320415003089E-7,257950.0,100.0,?,?,?,257950.0,237968.0,14.0
258335.0,8.945828865,5.399731804759168E-7,258335.0,100.0,?,?,?,258335.0,237968.0,14.0
258720.0,8.95931963,5.408037055854406E-7,258720.0,100.0,?,?,?,258720.0,237968.0,14.0
259105.0,8.972892182,5.416392657064801E-7,259105.0,99.8,85.6156501726121,66.66666666666666,75.0,259105.0,237968.0,14.0
259490.0,8.986558081,5.424805725014406E-7,259490.0,99.8,85.6156501726121,66.66666666666666,75.0,259490.0,237968.0,14.0
259875.0,9.000188688,5.433197066329409E-7,259875.0,100.0,100.0,100.0,100.0,259875.0,237968.0,14.0
260260.0,9.012508309,5.440781331995822E-7,260260.0,100.0,?,?,?,260260.0,237968.0,14.0
260645.0,9.025001809,5.448472641907332E-7,260645.0,100.0,?,?,?,260645.0,237968.0,14.0
261030.0,9.037235313,5.456003891802692E-7,261030.0,100.0,?,?,?,261030.0,237968.0,14.0
261415.0,9.049369068,5.463473733728119E-7,261415.0,99.8,83.2355406538139,75.0,71.42857142857143,261415.0,237968.0,14.0
261800.0,9.061568774,5.470984176732505E-7,261800.0,99.8,85.6156501726121,80.0,75.0,261800.0,237968.0,14.0
262185.0,9.073665952,5.478431500945311E-7,262185.0,99.8,85.6156501726121,80.0,75.0,262185.0,237968.0,14.0
262570.0,9.08606516,5.486064762352063E-7,262570.0,100.0,?,?,?,262570.0,237968.0,14.0
262955.0,9.09817941,5.493522596513468E-7,262955.0,100.0,?,?,?,262955.0,237968.0,14.0
263340.0,9.110316889,5.500994731026089E-7,263340.0,100.0,?,?,?,263340.0,237968.0,14.0
263725.0,9.122489371,5.508488414257711E-7,263725.0,100.0,?,?,?,263725.0,237968.0,14.0
264110.0,9.13476289,5.51604429838416E-7,264110.0,99.8,85.6156501726121,66.66666666666666,75.0,264110.0,237968.0,14.0
264495.0,9.147134964,5.523660855424391E-7,264495.0,99.8,85.6156501726121,66.66666666666666,75.0,264495.0,237968.0,14.0
264880.0,9.159318271,5.531161202795748E-7,264880.0,99.8,85.6156501726121,66.66666666666666,75.0,264880.0,237968.0,14.0
265265.0,9.171632328,5.538742043125119E-7,265265.0,100.0,100.0,100.0,100.0,265265.0,237968.0,14.0
265650.0,9.183793673,5.54622887014203E-7,265650.0,100.0,100.0,100.0,100.0,265650.0,237968.0,14.0
266035.0,9.196049522,5.553773876176181E-7,266035.0,100.0,?,?,?,266035.0,237968.0,14.0
266420.0,9.20849016,5.561432642923282E-7,266420.0,100.0,?,?,?,266420.0,237968.0,14.0
266805.0,9.220667863,5.5689295403326E-7,266805.0,99.8,87.40078115156855,66.66666666666666,77.77777777777779,266805.0,237968.0,14.0
267190.0,9.233072469,5.576566124882659E-7,267190.0,99.8,87.40078115156855,66.66666666666666,77.77777777777779,267190.0,237968.0,14.0
267575.0,9.245377479,5.584141395653398E-7,267575.0,99.8,87.40078115156855,66.66666666666666,77.77777777777779,267575.0,237968.0,14.0
267960.0,9.25761254,5.591673604076756E-7,267960.0,100.0,?,?,?,267960.0,237968.0,14.0
268345.0,9.269935995,5.599260230049106E-7,268345.0,100.0,?,?,?,268345.0,237968.0,14.0
268730.0,9.282169521,5.606791493488215E-7,268730.0,100.0,?,?,?,268730.0,237968.0,14.0
269115.0,9.294331631,5.614278791458188E-7,269115.0,99.9,92.2576649117374,75.0,85.71428571428571,269115.0,237968.0,14.0
269500.0,9.306818506,5.621966022854616E-7,269500.0,99.8,85.6156501726121,66.66666666666666,75.0,269500.0,237968.0,14.0
269885.0,9.319338331,5.629673539092089E-7,269885.0,99.8,85.6156501726121,66.66666666666666,75.0,269885.0,237968.0,14.0
270270.0,9.33190341,5.637408914819595E-7,270270.0,100.0,100.0,100.0,100.0,270270.0,237968.0,14.0
270655.0,9.344188712,5.644972052854452E-7,270655.0,100.0,100.0,100.0,100.0,270655.0,237968.0,14.0
271040.0,9.356535955,5.652573323312347E-7,271040.0,100.0,?,?,?,271040.0,237968.0,14.0
271425.0,9.368720739,5.660074579961709E-7,271425.0,100.0,?,?,?,271425.0,237968.0,14.0
271810.0,9.381391066,5.667874748980572E-7,271810.0,99.6,71.2313003452242,-100.0,50.0,271810.0,237968.0,14.0
272195.0,9.394000997,5.675637736716895E-7,272195.0,99.6,71.2313003452242,-100.0,50.0,272195.0,237968.0,14.0
272580.0,9.406183894,5.683137831682036E-7,272580.0,99.6,71.2313003452242,-100.0,50.0,272580.0,237968.0,14.0
272965.0,9.418443657,5.690685247272116E-7,272965.0,100.0,?,?,?,272965.0,237968.0,14.0
273350.0,9.430614934,5.698178188675712E-7,273350.0,100.0,?,?,?,273350.0,237968.0,14.0
273735.0,9.442802858,5.705681378387316E-7,273735.0,100.0,?,?,?,273735.0,237968.0,14.0
274120.0,9.455107786,5.713256598676811E-7,274120.0,100.0,100.0,100.0,100.0,274120.0,237968.0,14.0
274505.0,9.467327677,5.720779468070165E-7,274505.0,99.8,85.6156501726121,75.0,75.0,274505.0,237968.0,14.0
274890.0,9.479547973,5.728302586791611E-7,274890.0,99.8,83.2355406538139,66.66666666666666,71.42857142857143,274890.0,237968.0,14.0
275275.0,9.491873356,5.735890399688802E-7,275275.0,100.0,100.0,100.0,100.0,275275.0,237968.0,14.0
275660.0,9.504378898,5.743589122955572E-7,275660.0,100.0,100.0,100.0,100.0,275660.0,237968.0,14.0
276045.0,9.516554179,5.751084529321339E-7,276045.0,100.0,?,?,?,276045.0,237968.0,14.0
276430.0,9.528900109,5.758684991463717E-7,276430.0,100.0,?,?,?,276430.0,237968.0,14.0
276815.0,9.541404607,5.766383072018072E-7,276815.0,99.8,79.90353697749187,0.0,66.66666666666666,276815.0,237968.0,14.0
277200.0,9.553634584,5.773912150604348E-7,277200.0,99.8,83.2355406538139,50.0,71.42857142857143,277200.0,237968.0,14.0
277585.0,9.56582747,5.781418395046794E-7,277585.0,99.8,83.2355406538139,50.0,71.42857142857143,277585.0,237968.0,14.0
277970.0,9.578322152,5.789110432626956E-7,277970.0,100.0,?,?,?,277970.0,237968.0,14.0
278355.0,9.590561712,5.79664541074682E-7,278355.0,100.0,?,?,?,278355.0,237968.0,14.0
278740.0,9.603021237,5.804315804801745E-7,278740.0,100.0,?,?,?,278740.0,237968.0,14.0
279125.0,9.615478177,5.811984607466256E-7,279125.0,100.0,100.0,100.0,100.0,279125.0,237968.0,14.0
279510.0,9.627721845,5.819522114573282E-7,279510.0,99.8,85.6156501726121,80.0,75.0,279510.0,237968.0,14.0
279895.0,9.640085084,5.827133232567363E-7,279895.0,99.8,85.6156501726121,80.0,75.0,279895.0,237968.0,14.0
280280.0,9.652320245,5.834665502553212E-7,280280.0,99.8,83.2355406538139,75.0,71.42857142857143,280280.0,237968.0,14.0
280665.0,9.664504156,5.842166221762021E-7,280665.0,100.0,?,?,?,280665.0,237968.0,14.0
281050.0,9.676890868,5.8497917903198E-7,281050.0,100.0,?,?,?,281050.0,237968.0,14.0
281435.0,9.689212456,5.857377266920428E-7,281435.0,100.0,?,?,?,281435.0,237968.0,14.0
281820.0,9.701471926,5.864924502132406E-7,281820.0,100.0,?,?,?,281820.0,237968.0,14.0
282205.0,9.713733019,5.872472736503626E-7,282205.0,99.8,85.6156501726121,75.0,75.0,282205.0,237968.0,14.0
282590.0,9.726019236,5.880036437835284E-7,282590.0,99.8,85.6156501726121,75.0,75.0,282590.0,237968.0,14.0
282975.0,9.738957742,5.888001704528998E-7,282975.0,100.0,100.0,100.0,100.0,282975.0,237968.0,14.0
283360.0,9.752776191,5.896508686059825E-7,283360.0,100.0,?,?,?,283360.0,237968.0,14.0
283745.0,9.766451044,5.904927266314945E-7,283745.0,100.0,?,?,?,283745.0,237968.0,14.0
284130.0,9.7801213,5.913343016542317E-7,284130.0,100.0,?,?,?,284130.0,237968.0,14.0
284515.0,9.793791674,5.92175883941343E-7,284515.0,99.9,90.85923217550278,83.33333333333334,83.33333333333334,284515.0,237968.0,14.0
284900.0,9.807426959,5.930153060621799E-7,284900.0,99.8,85.6156501726121,75.0,75.0,284900.0,237968.0,14.0
285285.0,9.821102246,5.938571908058132E-7,285285.0,99.8,85.6156501726121,75.0,75.0,285285.0,237968.0,14.0
285670.0,9.834955315,5.947100202523616E-7,285670.0,100.0,?,?,?,285670.0,237968.0,14.0
286055.0,9.848620189,5.955512639457681E-7,286055.0,100.0,?,?,?,286055.0,237968.0,14.0
286440.0,9.862620853,5.964131797082919E-7,286440.0,100.0,100.0,100.0,100.0,286440.0,237968.0,14.0
286825.0,9.876443503,5.972641364854026E-7,286825.0,100.0,100.0,100.0,100.0,286825.0,237968.0,14.0
287210.0,9.889942153,5.980951470151741E-7,287210.0,99.8,83.2355406538139,50.0,71.42857142857143,287210.0,237968.0,14.0
287595.0,9.903592695,5.989355083949481E-7,287595.0,99.8,83.2355406538139,50.0,71.42857142857143,287595.0,237968.0,14.0
287980.0,9.917500159,5.997916865332373E-7,287980.0,99.8,83.2355406538139,50.0,71.42857142857143,287980.0,237968.0,14.0
288365.0,9.931248402,6.006380626300215E-7,288365.0,100.0,?,?,?,288365.0,237968.0,14.0
288750.0,9.945279483,6.01501850938858E-7,288750.0,100.0,?,?,?,288750.0,237968.0,14.0
289135.0,9.958883766,6.023393644993244E-7,289135.0,100.0,?,?,?,289135.0,237968.0,14.0
289520.0,9.972901847,6.032023524957677E-7,289520.0,100.0,?,?,?,289520.0,237968.0,14.0
289905.0,9.986698243,6.04051693011219E-7,289905.0,99.8,87.40078115156855,75.0,77.77777777777779,289905.0,237968.0,14.0
290290.0,10.000422468,6.048965905000755E-7,290290.0,99.8,87.40078115156855,75.0,77.77777777777779,290290.0,237968.0,14.0
290675.0,10.013975811,6.057309680672102E-7,290675.0,100.0,?,?,?,290675.0,237968.0,14.0
291060.0,10.027863211,6.065859110156642E-7,291060.0,100.0,100.0,100.0,100.0,291060.0,237968.0,14.0
291445.0,10.041606467,6.074319801003019E-7,291445.0,100.0,100.0,100.0,100.0,291445.0,237968.0,14.0
291830.0,10.055312137,6.082757352971233E-7,291830.0,100.0,?,?,?,291830.0,237968.0,14.0
292215.0,10.069017616,6.091194787355087E-7,292215.0,100.0,?,?,?,292215.0,237968.0,14.0
292600.0,10.082907299,6.099745622311314E-7,292600.0,100.0,?,?,?,292600.0,237968.0,14.0
292985.0,10.096732068,6.108256494591622E-7,292985.0,100.0,?,?,?,292985.0,237968.0,14.0
293370.0,10.110805881,6.116920684563978E-7,293370.0,100.0,?,?,?,293370.0,237968.0,14.0
293755.0,10.12449108,6.125345634074497E-7,293755.0,100.0,?,?,?,293755.0,237968.0,14.0
294140.0,10.138334459,6.133867963134527E-7,294140.0,100.0,?,?,?,294140.0,237968.0,14.0
294525.0,10.15227292,6.142448827042998E-7,294525.0,100.0,?,?,?,294525.0,237968.0,14.0
294910.0,10.166088099,6.150953795480344E-7,294910.0,99.8,83.2355406538139,66.66666666666666,71.42857142857143,294910.0,237968.0,14.0
295295.0,10.179712939,6.159341586486445E-7,295295.0,99.8,83.2355406538139,66.66666666666666,71.42857142857143,295295.0,237968.0,14.0
295680.0,10.193448333,6.167797437289718E-7,295680.0,100.0,?,?,?,295680.0,237968.0,14.0
296065.0,10.207172519,6.176246388168911E-7,296065.0,100.0,?,?,?,296065.0,237968.0,14.0
296450.0,10.22100083,6.184759440992678E-7,296450.0,100.0,100.0,100.0,100.0,296450.0,237968.0,14.0
296835.0,10.234652473,6.193163732593453E-7,296835.0,100.0,100.0,100.0,100.0,296835.0,237968.0,14.0
297220.0,10.248478279,6.201675243276801E-7,297220.0,100.0,?,?,?,297220.0,237968.0,14.0
297605.0,10.262361026,6.210221808258598E-7,297605.0,99.8,89.90001009998994,50.0,81.81818181818183,297605.0,237968.0,14.0
297990.0,10.276237661,6.218764610540897E-7,297990.0,99.8,89.90001009998994,50.0,81.81818181818183,297990.0,237968.0,14.0
298375.0,10.290369048,6.227464244502275E-7,298375.0,100.0,100.0,100.0,100.0,298375.0,237968.0,14.0
298760.0,10.303992524,6.235851195795989E-7,298760.0,100.0,?,?,?,298760.0,237968.0,14.0
299145.0,10.317633281,6.244248785703909E-7,299145.0,100.0,?,?,?,299145.0,237968.0,14.0
299530.0,10.331398818,6.252723193289081E-7,299530.0,100.0,?,?,?,299530.0,237968.0,14.0
299915.0,10.344856295,6.261007951462051E-7,299915.0,100.0,?,?,?,299915.0,237968.0,14.0
300300.0,10.358533637,6.269428064007592E-7,300300.0,99.8,83.2355406538139,50.0,71.42857142857143,300300.0,237968.0,14.0
300685.0,10.372334335,6.277924117580502E-7,300685.0,99.8,83.2355406538139,50.0,71.42857142857143,300685.0,237968.0,14.0
301070.0,10.38613513,6.286420230869028E-7,301070.0,100.0,?,?,?,301070.0,237968.0,14.0
301455.0,10.39996946,6.294936989139176E-7,301455.0,100.0,100.0,100.0,100.0,301455.0,237968.0,14.0
301840.0,10.414010707,6.303581130670456E-7,301840.0,100.0,100.0,100.0,100.0,301840.0,237968.0,14.0
302225.0,10.427758581,6.312044664472704E-7,302225.0,100.0,?,?,?,302225.0,237968.0,14.0
302610.0,10.441409237,6.320448348451686E-7,302610.0,99.8,83.2355406538139,50.0,71.42857142857143,302610.0,237968.0,14.0
302995.0,10.455319195,6.329011665203123E-7,302995.0,99.8,85.6156501726121,66.66666666666666,75.0,302995.0,237968.0,14.0
303380.0,10.468544315,6.33715337861705E-7,303380.0,99.8,85.6156501726121,66.66666666666666,75.0,303380.0,237968.0,14.0
303765.0,10.480814794,6.34470739124375E-7,303765.0,100.0,?,?,?,303765.0,237968.0,14.0
304150.0,10.493161169,6.352308127339217E-7,304150.0,100.0,?,?,?,304150.0,237968.0,14.0
304535.0,10.505322873,6.359795175365474E-7,304535.0,100.0,?,?,?,304535.0,237968.0,14.0
304920.0,10.517580508,6.367341280905728E-7,304920.0,100.0,?,?,?,304920.0,237968.0,14.0
305305.0,10.529939587,6.374949837900152E-7,305305.0,99.8,83.2355406538139,50.0,71.42857142857143,305305.0,237968.0,14.0
305690.0,10.542147173,6.382465132028891E-7,305690.0,99.8,85.6156501726121,66.66666666666666,75.0,305690.0,237968.0,14.0
306075.0,10.554423709,6.390022873495717E-7,306075.0,100.0,100.0,100.0,100.0,306075.0,237968.0,14.0
306460.0,10.566808708,6.397647387488013E-7,306460.0,100.0,100.0,100.0,100.0,306460.0,237968.0,14.0
306845.0,10.578968026,6.405132966633216E-7,306845.0,100.0,?,?,?,306845.0,237968.0,14.0
307230.0,10.590933437,6.412499171797468E-7,307230.0,100.0,?,?,?,307230.0,237968.0,14.0
307615.0,10.603120779,6.420002003215369E-7,307615.0,99.8,93.6487773896475,66.66666666666666,88.23529411764706,307615.0,237968.0,14.0
308000.0,10.615259902,6.427475149815355E-7,308000.0,99.8,94.01627573001437,75.0,88.88888888888889,308000.0,237968.0,14.0
308385.0,10.627533108,6.435030841251206E-7,308385.0,99.8,94.01627573001437,75.0,88.88888888888889,308385.0,237968.0,14.0
308770.0,10.639889967,6.442638031558311E-7,308770.0,100.0,100.0,100.0,100.0,308770.0,237968.0,14.0
309155.0,10.65220858,6.450221676674807E-7,309155.0,100.0,?,?,?,309155.0,237968.0,14.0
309540.0,10.664749516,6.457942189369921E-7,309540.0,100.0,?,?,?,309540.0,237968.0,14.0
309925.0,10.67706321,6.465522806227446E-7,309925.0,100.0,100.0,100.0,100.0,309925.0,237968.0,14.0
310310.0,10.689322932,6.473070196576905E-7,310310.0,99.7,85.56304138594794,50.0,72.72727272727273,310310.0,237968.0,14.0
310695.0,10.701598316,6.480627228843826E-7,310695.0,99.7,85.56304138594794,50.0,72.72727272727273,310695.0,237968.0,14.0
311080.0,10.71407127,6.488305890125773E-7,311080.0,99.7,84.05951115834213,25.0,70.0,311080.0,237968.0,14.0
311465.0,10.726569735,6.496000256615E-7,311465.0,100.0,?,?,?,311465.0,237968.0,14.0
311850.0,10.738731541,6.503487367434999E-7,311850.0,99.9,66.62216288384631,75.0,50.0,311850.0,237968.0,14.0
312235.0,10.75106043,6.511077338713152E-7,312235.0,99.9,66.62216288384631,75.0,50.0,312235.0,237968.0,14.0
312620.0,10.763557307,6.518770727590008E-7,312620.0,99.9,0.0,50.0,0.0,312620.0,237968.0,14.0
313005.0,10.776220412,6.526566450565714E-7,313005.0,99.8,85.6156501726121,66.66666666666666,75.0,313005.0,237968.0,14.0
313390.0,10.788713463,6.534257484061635E-7,313390.0,99.8,85.6156501726121,66.66666666666666,75.0,313390.0,237968.0,14.0
313775.0,10.801298262,6.542004999912522E-7,313775.0,100.0,100.0,100.0,100.0,313775.0,237968.0,14.0
314160.0,10.813705164,6.549642997937393E-7,314160.0,100.0,?,?,?,314160.0,237968.0,14.0
314545.0,10.826438689,6.557482073219816E-7,314545.0,100.0,?,?,?,314545.0,237968.0,14.0
314930.0,10.839415994,6.565471225544719E-7,314930.0,100.0,?,?,?,314930.0,237968.0,14.0
315315.0,10.85179602,6.573092678034297E-7,315315.0,99.8,83.2355406538139,66.66666666666666,71.42857142857143,315315.0,237968.0,14.0
315700.0,10.863991846,6.580600732414002E-7,315700.0,99.8,83.2355406538139,66.66666666666666,71.42857142857143,315700.0,237968.0,14.0
316085.0,10.876375098,6.588224170909565E-7,316085.0,99.8,83.2355406538139,66.66666666666666,71.42857142857143,316085.0,237968.0,14.0
316470.0,10.8889079,6.595939676111596E-7,316470.0,100.0,?,?,?,316470.0,237968.0,14.0
316855.0,10.90116672,6.603486511167378E-7,316855.0,100.0,?,?,?,316855.0,237968.0,14.0
317240.0,10.913458204,6.611053454995478E-7,317240.0,100.0,100.0,100.0,100.0,317240.0,237968.0,14.0
317625.0,10.925851392,6.618683010340225E-7,317625.0,100.0,100.0,100.0,100.0,317625.0,237968.0,14.0
318010.0,10.938285998,6.626338063637821E-7,318010.0,99.8,83.2355406538139,50.0,71.42857142857143,318010.0,237968.0,14.0
318395.0,10.950653413,6.633951752481559E-7,318395.0,99.8,83.2355406538139,50.0,71.42857142857143,318395.0,237968.0,14.0
318780.0,10.962957932,6.641526720980463E-7,318780.0,99.8,83.2355406538139,50.0,71.42857142857143,318780.0,237968.0,14.0
319165.0,10.97537415,6.649170454167068E-7,319165.0,100.0,?,?,?,319165.0,237968.0,14.0
319550.0,10.987557291,6.65667069934469E-7,319550.0,100.0,100.0,100.0,100.0,319550.0,237968.0,14.0
319935.0,11.000017938,6.664341784130772E-7,319935.0,100.0,100.0,100.0,100.0,319935.0,237968.0,14.0
320320.0,11.012615632,6.672097238464975E-7,320320.0,100.0,?,?,?,320320.0,237968.0,14.0
320705.0,11.025200892,6.679845038118949E-7,320705.0,99.8,88.78923766816146,66.66666666666666,80.0,320705.0,237968.0,14.0
321090.0,11.037598582,6.687477365007076E-7,321090.0,99.8,88.78923766816146,66.66666666666666,80.0,321090.0,237968.0,14.0
321475.0,11.050087922,6.695166113918927E-7,321475.0,100.0,100.0,100.0,100.0,321475.0,237968.0,14.0
321860.0,11.062435282,6.702767456404938E-7,321860.0,100.0,100.0,100.0,100.0,321860.0,237968.0,14.0
322245.0,11.074871083,6.710423245374311E-7,322245.0,100.0,?,?,?,322245.0,237968.0,14.0
322630.0,11.087040953,6.717915320593648E-7,322630.0,100.0,?,?,?,322630.0,237968.0,14.0
323015.0,11.099248232,6.725430425725537E-7,323015.0,99.6,79.80613893376417,60.0,66.66666666666666,323015.0,237968.0,14.0
323400.0,11.111582895,6.733023951621965E-7,323400.0,99.6,79.80613893376417,60.0,66.66666666666666,323400.0,237968.0,14.0
323785.0,11.1236985,6.740482619955133E-7,323785.0,99.6,81.62271432509412,66.66666666666666,69.23076923076923,323785.0,237968.0,14.0
324170.0,11.135861556,6.747970500306279E-7,324170.0,100.0,100.0,100.0,100.0,324170.0,237968.0,14.0
324555.0,11.147951275,6.755413232572823E-7,324555.0,100.0,100.0,100.0,100.0,324555.0,237968.0,14.0
324940.0,11.159969777,6.762812121879591E-7,324940.0,100.0,?,?,?,324940.0,237968.0,14.0
325325.0,11.172305187,6.770406107647833E-7,325325.0,100.0,?,?,?,325325.0,237968.0,14.0
325710.0,11.184735317,6.778058405408296E-7,325710.0,99.8,83.2355406538139,0.0,71.42857142857143,325710.0,237968.0,14.0
326095.0,11.197212219,6.785739497177418E-7,326095.0,99.8,85.6156501726121,50.0,75.0,326095.0,237968.0,14.0
326480.0,11.209593777,6.79336189280437E-7,326480.0,100.0,100.0,100.0,100.0,326480.0,237968.0,14.0
326865.0,11.221883012,6.80092745209203E-7,326865.0,100.0,100.0,100.0,100.0,326865.0,237968.0,14.0
327250.0,11.234345282,6.808599536037353E-7,327250.0,100.0,?,?,?,327250.0,237968.0,14.0
327635.0,11.246789794,6.816260687715386E-7,327635.0,100.0,?,?,?,327635.0,237968.0,14.0
328020.0,11.25932883,6.823980030723155E-7,328020.0,99.7,82.20640569395015,25.0,70.0,328020.0,237968.0,14.0
328405.0,11.273062145,6.832434601642224E-7,328405.0,99.7,82.20640569395015,25.0,70.0,328405.0,237968.0,14.0
328790.0,11.287019339,6.841026998052282E-7,328790.0,99.7,82.20640569395015,25.0,70.0,328790.0,237968.0,14.0
329175.0,11.300618233,6.849398816054264E-7,329175.0,100.0,?,?,?,329175.0,237968.0,14.0
329560.0,11.314374696,6.857867637458931E-7,329560.0,100.0,?,?,?,329560.0,237968.0,14.0
329945.0,11.328186297,6.86637040319032E-7,329945.0,100.0,?,?,?,329945.0,237968.0,14.0
330330.0,11.341965014,6.87485292471191E-7,330330.0,100.0,?,?,?,330330.0,237968.0,14.0
330715.0,11.355960244,6.883468737031344E-7,330715.0,99.7,79.84954325631396,50.0,62.5,330715.0,237968.0,14.0
331100.0,11.369735289,6.891948997978235E-7,331100.0,99.6,74.79838709677435,33.33333333333333,50.0,331100.0,237968.0,14.0
331485.0,11.383397735,6.900359940174999E-7,331485.0,99.6,74.79838709677435,33.33333333333333,50.0,331485.0,237968.0,14.0
331870.0,11.39702512,6.908749297946516E-7,331870.0,99.9,66.62216288384631,50.0,0.0,331870.0,237968.0,14.0
332255.0,11.410568623,6.917087015868672E-7,332255.0,100.0,?,?,?,332255.0,237968.0,14.0
332640.0,11.424301342,6.925541219875289E-7,332640.0,100.0,?,?,?,332640.0,237968.0,14.0
333025.0,11.437901798,6.933913999483393E-7,333025.0,100.0,?,?,?,333025.0,237968.0,14.0
333410.0,11.451584142,6.942337191384772E-7,333410.0,100.0,?,?,?,333410.0,237968.0,14.0
333795.0,11.465437163,6.95086545630026E-7,333795.0,100.0,?,?,?,333795.0,237968.0,14.0
334180.0,11.479386711,6.959453145642196E-7,334180.0,99.8,83.2355406538139,66.66666666666666,71.42857142857143,334180.0,237968.0,14.0
334565.0,11.493220243,6.967969412643659E-7,334565.0,99.8,83.2355406538139,66.66666666666666,71.42857142857143,334565.0,237968.0,14.0
334950.0,11.507389445,6.976692326461307E-7,334950.0,99.9,79.95188452285525,83.33333333333334,66.66666666666666,334950.0,237968.0,14.0
335335.0,11.521276355,6.985241454289637E-7,335335.0,100.0,100.0,100.0,100.0,335335.0,237968.0,14.0
335720.0,11.535131458,6.993771000936204E-7,335720.0,100.0,100.0,100.0,100.0,335720.0,237968.0,14.0
336105.0,11.548992092,7.002303952604191E-7,336105.0,100.0,?,?,?,336105.0,237968.0,14.0
336490.0,11.562867275,7.01084586099911E-7,336490.0,100.0,?,?,?,336490.0,237968.0,14.0
336875.0,11.576733034,7.019381967744801E-7,336875.0,99.8,83.2355406538139,66.66666666666666,71.42857142857143,336875.0,237968.0,14.0
337260.0,11.590658377,7.0279547558856E-7,337260.0,99.7,79.8549556809025,70.0,66.66666666666666,337260.0,237968.0,14.0
337645.0,11.604346994,7.036381809602089E-7,337645.0,99.9,66.62216288384631,75.0,50.0,337645.0,237968.0,14.0
338030.0,11.618265981,7.044950684830909E-7,338030.0,99.9,66.62216288384631,75.0,50.0,338030.0,237968.0,14.0
338415.0,11.632290418,7.05358447770732E-7,338415.0,100.0,?,?,?,338415.0,237968.0,14.0
338800.0,11.646087038,7.062078020761814E-7,338800.0,100.0,?,?,?,338800.0,237968.0,14.0
339185.0,11.660059509,7.070679822073743E-7,339185.0,99.8,83.2355406538139,50.0,71.42857142857143,339185.0,237968.0,14.0
339570.0,11.673868713,7.079181112152204E-7,339570.0,99.8,85.6156501726121,66.66666666666666,75.0,339570.0,237968.0,14.0
339955.0,11.688023691,7.08789526932102E-7,339955.0,99.8,85.6156501726121,66.66666666666666,75.0,339955.0,237968.0,14.0
340340.0,11.701975438,7.09648431242215E-7,340340.0,100.0,?,?,?,340340.0,237968.0,14.0
340725.0,11.716214237,7.105250071887206E-7,340725.0,100.0,?,?,?,340725.0,237968.0,14.0
341110.0,11.730009818,7.113742975307411E-7,341110.0,100.0,?,?,?,341110.0,237968.0,14.0
341495.0,11.743897709,7.122292707063786E-7,341495.0,100.0,?,?,?,341495.0,237968.0,14.0
341880.0,11.757686554,7.130781463634543E-7,341880.0,99.7,87.84834737524298,70.0,76.92307692307693,341880.0,237968.0,14.0
342265.0,11.77153821,7.139308888222018E-7,342265.0,99.7,87.84834737524298,70.0,76.92307692307693,342265.0,237968.0,14.0
342650.0,11.785321099,7.147793978130766E-7,342650.0,99.7,87.84834737524298,70.0,76.92307692307693,342650.0,237968.0,14.0
343035.0,11.799213897,7.156346730758612E-7,343035.0,100.0,?,?,?,343035.0,237968.0,14.0
343420.0,11.813037764,7.164857047745243E-7,343420.0,100.0,?,?,?,343420.0,237968.0,14.0
343805.0,11.826758637,7.173303959059083E-7,343805.0,100.0,?,?,?,343805.0,237968.0,14.0
344190.0,11.840322524,7.181654225879566E-7,344190.0,100.0,?,?,?,344190.0,237968.0,14.0
344575.0,11.854245946,7.190225831404897E-7,344575.0,99.6,71.24370956146673,33.33333333333333,55.55555555555556,344575.0,237968.0,14.0
344960.0,11.867765193,7.198548616729045E-7,344960.0,99.6,74.81108312342586,50.0,60.0,344960.0,237968.0,14.0
345345.0,11.881331209,7.206900194214977E-7,345345.0,100.0,100.0,100.0,100.0,345345.0,237968.0,14.0
345730.0,11.895294278,7.215496207421427E-7,345730.0,100.0,?,?,?,345730.0,237968.0,14.0
346115.0,11.909422254,7.224193741486211E-7,346115.0,100.0,?,?,?,346115.0,237968.0,14.0
346500.0,11.923372751,7.232782015056194E-7,346500.0,100.0,?,?,?,346500.0,237968.0,14.0
346885.0,11.937312297,7.241363546917701E-7,346885.0,99.8,83.2355406538139,50.0,71.42857142857143,346885.0,237968.0,14.0
347270.0,11.951124739,7.249866830389647E-7,347270.0,99.8,85.6156501726121,66.66666666666666,75.0,347270.0,237968.0,14.0
347655.0,11.964754863,7.258257874357815E-7,347655.0,99.8,85.6156501726121,66.66666666666666,75.0,347655.0,237968.0,14.0
348040.0,11.978774239,7.266888551556516E-7,348040.0,100.0,?,?,?,348040.0,237968.0,14.0
348425.0,11.99245593,7.275311341454823E-7,348425.0,100.0,?,?,?,348425.0,237968.0,14.0
348810.0,12.006030528,7.283668202233801E-7,348810.0,100.0,?,?,?,348810.0,237968.0,14.0
349195.0,12.019725291,7.292099039581035E-7,349195.0,100.0,?,?,?,349195.0,237968.0,14.0
349580.0,12.035416369,7.301792631504798E-7,349580.0,99.7,82.20640569395015,62.5,70.0,349580.0,238800.0,15.0
349965.0,12.049129306,7.310264172807076E-7,349965.0,99.7,82.20640569395015,62.5,70.0,349965.0,238800.0,15.0
350350.0,12.063040042,7.318857909843067E-7,350350.0,100.0,?,?,?,350350.0,238800.0,15.0
350735.0,12.076968785,7.327462771195038E-7,350735.0,100.0,?,?,?,350735.0,238800.0,15.0
351120.0,12.091076285,7.336178064565226E-7,351120.0,100.0,?,?,?,351120.0,238800.0,15.0
351505.0,12.104860206,7.344693458171923E-7,351505.0,100.0,?,?,?,351505.0,238800.0,15.0
351890.0,12.118876673,7.353352513420447E-7,351890.0,99.9,0.0,50.0,0.0,351890.0,238800.0,15.0
352275.0,12.132469288,7.361749722521493E-7,352275.0,99.9,0.0,50.0,0.0,352275.0,238800.0,15.0
352660.0,12.144844121,7.369394613537058E-7,352660.0,99.9,0.0,50.0,0.0,352660.0,238800.0,15.0
353045.0,12.157480264,7.377200935940931E-7,353045.0,100.0,?,?,?,353045.0,238800.0,15.0
353430.0,12.169961615,7.384911631359771E-7,353430.0,100.0,?,?,?,353430.0,238800.0,15.0
353815.0,12.182497358,7.392655928921938E-7,353815.0,100.0,?,?,?,353815.0,238800.0,15.0
354200.0,12.195154301,7.400475101093814E-7,354200.0,100.0,100.0,100.0,100.0,354200.0,238800.0,15.0
354585.0,12.207418321,7.408051534352566E-7,354585.0,99.8,88.78923766816146,75.0,80.0,354585.0,238800.0,15.0
354970.0,12.220121784,7.415899445524802E-7,354970.0,99.8,88.78923766816146,75.0,80.0,354970.0,238800.0,15.0
355355.0,12.232732693,7.423690178936089E-7,355355.0,100.0,?,?,?,355355.0,238800.0,15.0
355740.0,12.245431748,7.431535366945952E-7,355740.0,100.0,100.0,100.0,100.0,355740.0,238800.0,15.0
356125.0,12.257974438,7.439283956207077E-7,356125.0,100.0,100.0,100.0,100.0,356125.0,238800.0,15.0
356510.0,12.270476757,7.447007605180507E-7,356510.0,100.0,100.0,100.0,100.0,356510.0,238800.0,15.0
356895.0,12.282891878,7.45467738520825E-7,356895.0,100.0,?,?,?,356895.0,238800.0,15.0
357280.0,12.295290026,7.462336679701746E-7,357280.0,99.8,83.2355406538139,50.0,71.42857142857143,357280.0,238800.0,15.0
357665.0,12.308126151,7.470266546447193E-7,357665.0,99.8,83.2355406538139,50.0,71.42857142857143,357665.0,238800.0,15.0
358050.0,12.320711917,7.478041747083629E-7,358050.0,99.9,0.0,50.0,0.0,358050.0,238800.0,15.0
358435.0,12.333450672,7.485911460852613E-7,358435.0,99.9,0.0,50.0,0.0,358435.0,238800.0,15.0
358820.0,12.345914451,7.493611300688599E-7,358820.0,99.9,66.62216288384631,75.0,50.0,358820.0,238800.0,15.0
359205.0,12.358528835,7.501404180876031E-7,359205.0,100.0,100.0,100.0,100.0,359205.0,238800.0,15.0
359590.0,12.371063419,7.509147762434299E-7,359590.0,100.0,100.0,100.0,100.0,359590.0,238800.0,15.0
359975.0,12.383605454,7.516895947051287E-7,359975.0,99.8,83.2355406538139,66.66666666666666,71.42857142857143,359975.0,238800.0,15.0
360360.0,12.396295087,7.524735314363355E-7,360360.0,99.8,83.2355406538139,66.66666666666666,71.42857142857143,360360.0,238800.0,15.0
360745.0,12.409181312,7.532696131751924E-7,360745.0,100.0,?,?,?,360745.0,238800.0,15.0
361130.0,12.421955876,7.540587967508524E-7,361130.0,100.0,?,?,?,361130.0,238800.0,15.0
361515.0,12.434689623,7.548454587448751E-7,361515.0,100.0,100.0,100.0,100.0,361515.0,238800.0,15.0
361900.0,12.447119491,7.556133477838452E-7,361900.0,100.0,100.0,100.0,100.0,361900.0,238800.0,15.0
362285.0,12.459623937,7.563858440824216E-7,362285.0,99.8,83.2355406538139,0.0,71.42857142857143,362285.0,238800.0,15.0
362670.0,12.472252759,7.571660240480418E-7,362670.0,99.8,83.2355406538139,0.0,71.42857142857143,362670.0,238800.0,15.0
363055.0,12.484956274,7.579508183777074E-7,363055.0,99.8,83.2355406538139,0.0,71.42857142857143,363055.0,238800.0,15.0
363440.0,12.497508832,7.587262869264673E-7,363440.0,100.0,?,?,?,363440.0,238800.0,15.0
363825.0,12.510310434,7.595171408484121E-7,363825.0,100.0,100.0,100.0,100.0,363825.0,238800.0,15.0
364210.0,12.522934076,7.60297000805387E-7,364210.0,100.0,100.0,100.0,100.0,364210.0,238800.0,15.0
364595.0,12.535785404,7.610909266867727E-7,364595.0,100.0,100.0,100.0,100.0,364595.0,238800.0,15.0
364980.0,12.548222887,7.618592861631628E-7,364980.0,99.8,88.78923766816146,75.0,80.0,364980.0,238800.0,15.0
365365.0,12.560805937,7.626366384384896E-7,365365.0,99.8,88.78923766816146,75.0,80.0,365365.0,238800.0,15.0
365750.0,12.573198151,7.634022012987848E-7,365750.0,100.0,100.0,100.0,100.0,365750.0,238800.0,15.0
366135.0,12.585834869,7.641828690613674E-7,366135.0,100.0,?,?,?,366135.0,238800.0,15.0
366520.0,12.598423783,7.649605836013076E-7,366520.0,100.0,?,?,?,366520.0,238800.0,15.0
366905.0,12.610767482,7.657231493149938E-7,366905.0,100.0,?,?,?,366905.0,238800.0,15.0
367290.0,12.62335053,7.665005014667652E-7,367290.0,99.8,83.2355406538139,50.0,71.42857142857143,367290.0,238800.0,15.0
367675.0,12.635657379,7.672607906710721E-7,367675.0,99.8,83.2355406538139,50.0,71.42857142857143,367675.0,238800.0,15.0
368060.0,12.648076619,7.680280231363195E-7,368060.0,99.8,83.2355406538139,50.0,71.42857142857143,368060.0,238800.0,15.0
368445.0,12.660931282,7.688221550464375E-7,368445.0,100.0,?,?,?,368445.0,238800.0,15.0
368830.0,12.673370649,7.695906309120723E-7,368830.0,100.0,100.0,100.0,100.0,368830.0,238800.0,15.0
369215.0,12.685905565,7.703650095781056E-7,369215.0,100.0,100.0,100.0,100.0,369215.0,238800.0,15.0
369600.0,12.698394754,7.711365633338434E-7,369600.0,100.0,?,?,?,369600.0,238800.0,15.0
369985.0,12.710835369,7.719051162980862E-7,369985.0,99.8,83.2355406538139,50.0,71.42857142857143,369985.0,238800.0,15.0
370370.0,12.723516148,7.726885060492648E-7,370370.0,99.8,83.2355406538139,50.0,71.42857142857143,370370.0,238800.0,15.0
370755.0,12.736021148,7.73461036572704E-7,370755.0,100.0,?,?,?,370755.0,238800.0,15.0
371140.0,12.748490844,7.742313860951356E-7,371140.0,100.0,?,?,?,371140.0,238800.0,15.0
371525.0,12.760699096,7.749855842005205E-7,371525.0,100.0,?,?,?,371525.0,238800.0,15.0
371910.0,12.773094417,7.757513390042252E-7,371910.0,100.0,100.0,100.0,100.0,371910.0,238800.0,15.0
372295.0,12.785563954,7.765216787039977E-7,372295.0,100.0,100.0,100.0,100.0,372295.0,238800.0,15.0
372680.0,12.798032364,7.772919487802677E-7,372680.0,99.7,82.20218319886102,62.5,66.66666666666666,372680.0,238800.0,15.0
373065.0,12.810739127,7.780769437640029E-7,373065.0,99.7,79.84954325631396,50.0,62.5,373065.0,238800.0,15.0
373450.0,12.82306983,7.788387066142999E-7,373450.0,100.0,100.0,100.0,100.0,373450.0,238800.0,15.0
373835.0,12.83559844,7.796126957099629E-7,373835.0,100.0,?,?,?,373835.0,238800.0,15.0
374220.0,12.84824592,7.803940283244841E-7,374220.0,100.0,?,?,?,374220.0,238800.0,15.0
374605.0,12.860359591,7.811423834303138E-7,374605.0,100.0,?,?,?,374605.0,238800.0,15.0
374990.0,12.872649842,7.819016472478453E-7,374990.0,100.0,?,?,?,374990.0,238800.0,15.0
375375.0,12.885291091,7.826825949253259E-7,375375.0,99.8,85.6156501726121,66.66666666666666,75.0,375375.0,238800.0,15.0
375760.0,12.897991733,7.834672117675709E-7,375760.0,99.8,85.6156501726121,66.66666666666666,75.0,375760.0,238800.0,15.0
376145.0,12.911840791,7.843227751442907E-7,376145.0,100.0,?,?,?,376145.0,238800.0,15.0
376530.0,12.925861807,7.851889616960403E-7,376530.0,100.0,?,?,?,376530.0,238800.0,15.0
376915.0,12.939618124,7.860387957442295E-7,376915.0,100.0,?,?,?,376915.0,238800.0,15.0
377300.0,12.953400113,7.868902157503234E-7,377300.0,100.0,?,?,?,377300.0,238800.0,15.0
377685.0,12.967266816,7.877468691951028E-7,377685.0,99.7,76.78018575851378,50.0,62.5,377685.0,238800.0,15.0
378070.0,12.98112228,7.886028283199659E-7,378070.0,99.6,71.2313003452242,33.33333333333333,50.0,378070.0,238800.0,15.0
378455.0,12.994884164,7.894530062847823E-7,378455.0,99.6,71.2313003452242,33.33333333333333,50.0,378455.0,238800.0,15.0
378840.0,13.008567651,7.902983410608387E-7,378840.0,99.9,0.0,-Infinity,-Infinity,378840.0,238800.0,15.0
379225.0,13.022105586,7.911346839646241E-7,379225.0,100.0,100.0,100.0,100.0,379225.0,238800.0,15.0
379610.0,13.035754557,7.919778864205247E-7,379610.0,100.0,100.0,100.0,100.0,379610.0,238800.0,15.0
379995.0,13.049905108,7.928520753506314E-7,379995.0,100.0,?,?,?,379995.0,238800.0,15.0
380380.0,13.063841506,7.937130343943577E-7,380380.0,99.8,83.2355406538139,66.66666666666666,71.42857142857143,380380.0,238800.0,15.0
380765.0,13.077694826,7.94568861067766E-7,380765.0,99.8,85.6156501726121,75.0,75.0,380765.0,238800.0,15.0
381150.0,13.09207403,7.954571756613494E-7,381150.0,100.0,100.0,100.0,100.0,381150.0,238800.0,15.0
381535.0,13.105939931,7.963137795603888E-7,381535.0,100.0,100.0,100.0,100.0,381535.0,238800.0,15.0
381920.0,13.120408904,7.972076398790867E-7,381920.0,100.0,?,?,?,381920.0,238800.0,15.0
382305.0,13.134728859,7.98092294203899E-7,382305.0,100.0,?,?,?,382305.0,238800.0,15.0
382690.0,13.148833157,7.989636257286237E-7,382690.0,99.8,83.2355406538139,0.0,71.42857142857143,382690.0,238800.0,15.0
383075.0,13.163253325,7.998544709851709E-7,383075.0,99.8,83.2355406538139,0.0,71.42857142857143,383075.0,238800.0,15.0
383460.0,13.177204496,8.007163426713141E-7,383460.0,99.8,85.6156501726121,50.0,75.0,383460.0,238800.0,15.0
383845.0,13.191244117,8.01583678597745E-7,383845.0,100.0,100.0,100.0,100.0,383845.0,238800.0,15.0
384230.0,13.205184208,8.024448657866311E-7,384230.0,100.0,?,?,?,384230.0,238800.0,15.0
384615.0,13.219173438,8.033090886714301E-7,384615.0,100.0,?,?,?,384615.0,238800.0,15.0
385000.0,13.233233163,8.041776665773607E-7,385000.0,100.0,?,?,?,385000.0,238800.0,15.0
385209.0,13.246155421,8.049759743531909E-7,385209.0,99.7,84.06289842753935,-200.0,72.72727272727273,385209.0,238800.0,15.0
